0.8, 0.24143171969823665, 4.894845940588976
0.0, 0.04357977334286635
0.001, 0.043579709111577256
0.002, 0.043579516417937184
0.003, 0.04357919526274135
0.004, 0.04357874564740348
0.005, 0.04357816757383667
0.006, 0.043577461044494524
0.007, 0.043576626062375626
0.008, 0.04357566263102393
0.009000000000000001, 0.043574570754528766
0.01, 0.0435733504375248
0.011, 0.04357200168519197
0.012, 0.04357052450325548
0.013000000000000001, 0.04356891889798574
0.014, 0.04356718487619836
0.015, 0.04356532244525412
0.016, 0.04356333161305896
0.017, 0.043561212388063916
0.018000000000000002, 0.04355896477926513
0.019, 0.04355658879620381
0.02, 0.043554084448966204
0.021, 0.043551451748183555
0.022, 0.04354869070503209
0.023, 0.043545801331232974
0.024, 0.043542783639052285
0.025, 0.04353963764130096
0.026000000000000002, 0.04353636335133478
0.027, 0.04353296078305431
0.028, 0.04352942995090487
0.029, 0.043525770869876496
0.03, 0.04352198355550388
0.031, 0.04351806802386633
0.032, 0.04351402429158774
0.033, 0.04350985237583651
0.034, 0.043505552294325525
0.035, 0.043501124065312084
0.036000000000000004, 0.043496567707597855
0.037, 0.043491883240528814
0.038, 0.04348707068399519
0.039, 0.043482130058431406
0.04, 0.043477061384816024
0.041, 0.04347186468467167
0.042, 0.04346653998006499
0.043000000000000003, 0.04346108729360657
0.044, 0.043455506648450874
0.045, 0.043449798068296165
0.046, 0.04344396157738446
0.047, 0.04343799720050144
0.048, 0.04343190496297637
0.049, 0.04342568489068206
0.05, 0.04341933701003474
0.051000000000000004, 0.043412861347994006
0.052000000000000005, 0.04340625793206276
0.053, 0.04339952679028709
0.054, 0.043392667951256216
0.055, 0.0433856814441024
0.056, 0.043378567298500856
0.057, 0.043371325544669645
0.058, 0.04336395621336963
0.059000000000000004, 0.04335645933590434
0.06, 0.04334883494411991
0.061, 0.04334108307040497
0.062, 0.04333320374769054
0.063, 0.04332519700944998
0.064, 0.04331706288969882
0.065, 0.04330880142299472
0.066, 0.04330041264443733
0.067, 0.043291896589668234
0.068, 0.043283253294870774
0.069, 0.04327448279677001
0.07, 0.04326558513263257
0.07100000000000001, 0.04325656034026656
0.07200000000000001, 0.04324740845802144
0.073, 0.043238129524787935
0.074, 0.04322872357999789
0.075, 0.04321919066362416
0.076, 0.043209530816180515
0.077, 0.04319974407872149
0.078, 0.0431898304928423
0.079, 0.04317979010067867
0.08, 0.043169622944906755
0.081, 0.04315932906874299
0.082, 0.04314890851594396
0.083, 0.043138361330806306
0.084, 0.04312768755816654
0.085, 0.043116887243400945
0.08600000000000001, 0.04310596043242545
0.08700000000000001, 0.043094907171695465
0.088, 0.04308372750820578
0.089, 0.04307242148949039
0.09, 0.04306098916362239
0.091, 0.04304943057921379
0.092, 0.04303774578541541
0.093, 0.04302593483191673
0.094, 0.04301399776894573
0.095, 0.04300193464726874
0.096, 0.0429897455181903
0.097, 0.04297743043355301
0.098, 0.04296498944573738
0.099, 0.042952422607661654
0.1, 0.04293972997278168
0.101, 0.04292691159509073
0.10200000000000001, 0.04291396752911937
0.10300000000000001, 0.04290089782993527
0.10400000000000001, 0.042887702553143045
0.105, 0.04287438175488412
0.106, 0.04286093549183652
0.107, 0.04284736382121474
0.108, 0.042833666800769575
0.109, 0.04281984448878791
0.11, 0.04280589694409259
0.111, 0.04279182422604223
0.112, 0.04277762639453105
0.113, 0.04276330350998868
0.114, 0.04274885563337999
0.115, 0.04273428282620492
0.116, 0.0427195851504983
0.117, 0.04270476266882964
0.11800000000000001, 0.04268981544430296
0.11900000000000001, 0.042674743540556635
0.12, 0.04265954702176315
0.121, 0.04264422595262897
0.122, 0.04262878039839429
0.123, 0.04261321042483289
0.124, 0.04259751609825192
0.125, 0.04258169748549171
0.126, 0.04256575465392557
0.127, 0.042549687671459585
0.128, 0.04253349660653243
0.129, 0.04251718152811517
0.13, 0.04250074250571102
0.131, 0.04248417960935519
0.132, 0.04246749290961464
0.133, 0.0424506824775879
0.134, 0.042433748384904844
0.135, 0.04241669070372647
0.136, 0.042399509506744724
0.137, 0.042382204867182235
0.138, 0.04236477685879214
0.139, 0.042347225555857855
0.14, 0.04232955103319284
0.14100000000000001, 0.04231175336614039
0.14200000000000002, 0.04229383263057343
0.14300000000000002, 0.04227578890289426
0.14400000000000002, 0.04225762226003436
0.145, 0.042239332779454124
0.146, 0.04222092053914268
0.147, 0.04220238561761762
0.148, 0.04218372809392479
0.149, 0.04216494804763805
0.15, 0.042146045558859035
0.151, 0.04212702070821694
0.152, 0.04210787357686824
0.153, 0.04208860424649649
0.154, 0.04206921279931208
0.155, 0.042049699318051977
0.156, 0.04203006388597947
0.157, 0.04201030658688397
0.158, 0.04199042750508071
0.159, 0.041970426725410535
0.16, 0.04195030433323964
0.161, 0.041930060414459305
0.162, 0.04190969505548566
0.163, 0.04188920834325942
0.164, 0.04186860036524563
0.165, 0.04184787120943341
0.166, 0.041827020964335694
0.167, 0.04180604971898897
0.168, 0.041784957562953015
0.169, 0.04176374458631063
0.17, 0.04174241087966738
0.171, 0.041720956534151324
0.17200000000000001, 0.041699381641412736
0.17300000000000001, 0.04167768629362385
0.17400000000000002, 0.041655870583478596
0.17500000000000002, 0.041633934604192284
0.176, 0.04161187844950138
0.177, 0.041589702213663204
0.178, 0.04156740599145565
0.179, 0.04154498987817691
0.18, 0.041522453969645205
0.181, 0.04149979836219848
0.182, 0.04147702315269414
0.183, 0.04145412843850876
0.184, 0.04143111431753778
0.185, 0.041407980888195244
0.186, 0.04138472824941349
0.187, 0.04136135650064287
0.188, 0.04133786574185144
0.189, 0.041314256073524694
0.19, 0.041290527596665225
0.191, 0.041266680412792474
0.192, 0.0412427146239424
0.193, 0.041218630332667185
0.194, 0.041194427642034945
0.195, 0.0411701066556294
0.196, 0.0411456674775496
0.197, 0.041121110212409585
0.198, 0.0410964349653381
0.199, 0.041071641841978285
0.2, 0.04104673094848735
0.201, 0.04102170239153626
0.202, 0.04099655627830945
0.203, 0.040971292716504466
0.20400000000000001, 0.04094591181433169
0.20500000000000002, 0.040920413680513974
0.20600000000000002, 0.04089479842428637
0.20700000000000002, 0.040869066155395775
0.20800000000000002, 0.0408432169841006
0.209, 0.04081725102117049
0.21, 0.04079116837788594
0.211, 0.04076496916603801
0.212, 0.04073865349792797
0.213, 0.04071222148636699
0.214, 0.040685673244675785
0.215, 0.040659008886684306
0.216, 0.04063222852673137
0.217, 0.04060533227966436
0.218, 0.04057832026083886
0.219, 0.04055119258611832
0.22, 0.04052394937187373
0.221, 0.04049659073498326
0.222, 0.04046911679283192
0.223, 0.0404415276633112
0.224, 0.04041382346481877
0.225, 0.040386004316258065
0.226, 0.040358070337037984
0.227, 0.040330021647072514
0.228, 0.04030185836678039
0.229, 0.04027358061708472
0.23, 0.04024518851941266
0.231, 0.04021668219569502
0.232, 0.04018806176836593
0.233, 0.04015932736036247
0.234, 0.0401304790951243
0.23500000000000001, 0.04010151709659333
0.23600000000000002, 0.04007244148921329
0.23700000000000002, 0.040043252397929434
0.23800000000000002, 0.040013949948188125
0.23900000000000002, 0.03998453426593649
0.24, 0.03995500547762203
0.241, 0.03992536371019225
0.242, 0.039895609091094304
0.243, 0.03986574174827459
0.244, 0.03983576181017841
0.245, 0.03980566940574955
0.246, 0.039775464664429924
0.247, 0.039745147716159196
0.248, 0.03971471869137438
0.249, 0.03968417772100947
0.25, 0.03965352493649504
0.251, 0.03962276046975787
0.252, 0.039591884453220566
0.253, 0.03956089701980113
0.254, 0.03952979830291261
0.255, 0.03949858843646269
0.256, 0.03946726755485328
0.257, 0.03943583579298016
0.258, 0.039404293286232545
0.259, 0.0393726401704927
0.26, 0.03934087658213553
0.261, 0.039309002658028204
0.262, 0.03927701853552972
0.263, 0.03924492435249053
0.264, 0.0392127202472521
0.265, 0.03918040635864654
0.266, 0.03914798282599615
0.267, 0.039115449789113056
0.268, 0.03908280738829877
0.269, 0.03905005576434379
0.27, 0.03901719505852716
0.271, 0.03898422541261609
0.272, 0.038951146968865515
0.273, 0.03891795987001768
0.274, 0.03888466425930172
0.275, 0.038851260280433245
0.276, 0.0388177480776139
0.277, 0.03878412779553096
0.278, 0.0387503995793569
0.279, 0.03871656357474894
0.28, 0.038682619927848653
0.281, 0.03864856878528152
0.28200000000000003, 0.03861441029415649
0.28300000000000003, 0.03858014460206557
0.28400000000000003, 0.03854577185708334
0.28500000000000003, 0.03851129220776659
0.28600000000000003, 0.03847670580315382
0.28700000000000003, 0.03844201279276483
0.28800000000000003, 0.038407213326600284
0.289, 0.03837230755514124
0.29, 0.03833729562934874
0.291, 0.03830217770066335
0.292, 0.0382669539210047
0.293, 0.038231624442771076
0.294, 0.03819618941883893
0.295, 0.03816064900256244
0.296, 0.03812500334777309
0.297, 0.03808925260877918
0.298, 0.03805339694036537
0.299, 0.03801743649779227
0.3, 0.03798137143679592
0.301, 0.03794520191358738
0.302, 0.037908928084852245
0.303, 0.03787255010775021
0.304, 0.037836068139914567
0.305, 0.037799482339451775
0.306, 0.03776279286494098
0.307, 0.03772599987543357
0.308, 0.037689103530452656
0.309, 0.037652103989992664
0.31, 0.03761500141451882
0.311, 0.0375777959649667
0.312, 0.03754048780274175
0.313, 0.03750307708971882
0.314, 0.037465563988241656
0.315, 0.03742794866112247
0.316, 0.03739023127164143
0.317, 0.03735241198354617
0.318, 0.037314490961051355
0.319, 0.03727646836883815
0.32, 0.03723834437205375
0.321, 0.03720011913631091
0.322, 0.03716179282768745
0.323, 0.03712336561272575
0.324, 0.03708483765843228
0.325, 0.03704620913227711
0.326, 0.037007480202193396
0.327, 0.036968651036576906
0.328, 0.03692972180428553
0.329, 0.03689069267463877
0.33, 0.036851563817417235
0.331, 0.03681233540286217
0.332, 0.03677300760167492
0.333, 0.036733580585016475
0.334, 0.036694054524506914
0.335, 0.03665442959222494
0.336, 0.03661470596070736
0.337, 0.03657488380294857
0.338, 0.03653496329240008
0.339, 0.03649494460296995
0.34, 0.036454827909022346
0.341, 0.03641461338537696
0.342, 0.03637430120730854
0.343, 0.03633389155054638
0.34400000000000003, 0.036293384591273764
0.34500000000000003, 0.0362527805061275
0.34600000000000003, 0.03621207947219735
0.34700000000000003, 0.03617128166702556
0.34800000000000003, 0.0361303872686063
0.34900000000000003, 0.036089396455385156
0.35000000000000003, 0.03604830940625862
0.35100000000000003, 0.03600712630057353
0.352, 0.03596584731812659
0.353, 0.035924472639163804
0.354, 0.03588300244437997
0.355, 0.03584143691491814
0.356, 0.03579977623236909
0.357, 0.03575802057877078
0.358, 0.035716170136607855
0.359, 0.03567422508881106
0.36, 0.03563218561875674
0.361, 0.03559005191026628
0.362, 0.03554782414760558
0.363, 0.03550550251548453
0.364, 0.03546308719905643
0.365, 0.035420578383917475
0.366, 0.03537797625610621
0.367, 0.035335281002102974
0.368, 0.035292492808829366
0.369, 0.03524961186364768
0.37, 0.03520663835436039
0.371, 0.03516357246920955
0.372, 0.0351204143968763
0.373, 0.03507716432648026
0.374, 0.03503382244757902
0.375, 0.03499038895016757
0.376, 0.03494686402467772
0.377, 0.03490324786197758
0.378, 0.034859540653370984
0.379, 0.034815742590596936
0.38, 0.03477185386582904
0.381, 0.034727874671674944
0.382, 0.03468380520117578
0.383, 0.03463964564780561
0.384, 0.03459539620547082
0.385, 0.034551057068509604
0.386, 0.03450662843169136
0.387, 0.03446211049021614
0.388, 0.03441750343971408
0.389, 0.034372807476244806
0.39, 0.034328022796296896
0.391, 0.034283149596787285
0.392, 0.03423818807506069
0.393, 0.03419313842888904
0.394, 0.03414800085647089
0.395, 0.03410277555643087
0.396, 0.03405746272781906
0.397, 0.03401206257011045
0.398, 0.03396657528320434
0.399, 0.03392100106742377
0.4, 0.033875340123514903
0.401, 0.03382959265264649
0.402, 0.03378375885640924
0.403, 0.033737838936815256
0.404, 0.03369183309629744
0.405, 0.0336457415377089
0.406, 0.03359956446432237
0.40700000000000003, 0.03355330207982961
0.40800000000000003, 0.0335069545883408
0.40900000000000003, 0.03346052219438398
0.41000000000000003, 0.03341400510290443
0.41100000000000003, 0.03336740351926407
0.41200000000000003, 0.03332071764924088
0.41300000000000003, 0.0332739476990283
0.41400000000000003, 0.0332270938752346
0.41500000000000004, 0.03318015638488233
0.41600000000000004, 0.033133135435407676
0.417, 0.03308603123465988
0.418, 0.03303884399090061
0.419, 0.032991573912803406
0.42, 0.03294422120945302
0.421, 0.03289678609034484
0.422, 0.032849268765384264
0.423, 0.032801669444886106
0.424, 0.032753988339573985
0.425, 0.032706225660579694
0.426, 0.032658381619442615
0.427, 0.03261045642810909
0.428, 0.03256245029893181
0.429, 0.032514363444669195
0.43, 0.032466196078484784
0.431, 0.03241794841394662
0.432, 0.03236962066502662
0.433, 0.032321213046099966
0.434, 0.032272725771944476
0.435, 0.032224159057739996
0.436, 0.032175513119067765
0.437, 0.032126788171909795
0.438, 0.032077984432648254
0.439, 0.03202910211806482
0.44, 0.031980141445340074
0.441, 0.03193110263205288
0.442, 0.03188198589617972
0.443, 0.03183279145609411
0.444, 0.031783519530565935
0.445, 0.03173417033876083
0.446, 0.03168474410023956
0.447, 0.03163524103495736
0.448, 0.03158566136326332
0.449, 0.03153600530589976
0.45, 0.031486273084001565
0.451, 0.03143646491909556
0.452, 0.03138658103309989
0.453, 0.03133662164832335
0.454, 0.03128658698746477
0.455, 0.03123647727361236
0.456, 0.031186292730243086
0.457, 0.031136033581222
0.458, 0.031085700050801624
0.459, 0.03103529236362129
0.46, 0.030984810744706492
0.461, 0.030934255419468256
0.462, 0.03088362661370248
0.463, 0.030832924553589287
0.464, 0.030782149465692386
0.465, 0.030731301576958407
0.466, 0.030680381114716267
0.467, 0.030629388306676504
0.468, 0.030578323380930635
0.46900000000000003, 0.0305271865659505
0.47000000000000003, 0.030475978090587604
0.47100000000000003, 0.030424698184072473
0.47200000000000003, 0.030373347076013985
0.47300000000000003, 0.030321924996398724
0.47400000000000003, 0.03027043217559032
0.47500000000000003, 0.030218868844328787
0.47600000000000003, 0.030167235233729866
0.47700000000000004, 0.030115531575284373
0.47800000000000004, 0.03006375810085753
0.47900000000000004, 0.0300119150426883
0.48, 0.029960002633388744
0.481, 0.029908021105943334
0.482, 0.02985597069370831
0.483, 0.029803851630411
0.484, 0.02975166415014917
0.485, 0.029699408487390343
0.486, 0.029647084876971142
0.487, 0.02959469355409662
0.488, 0.0295422347543396
0.489, 0.029489708713639984
0.49, 0.02943711566830411
0.491, 0.029384455855004068
0.492, 0.02933172951077703
0.493, 0.029278936873024578
0.494, 0.029226078179512036
0.495, 0.029173153668367795
0.496, 0.02912016357808264
0.497, 0.029067108147509065
0.498, 0.02901398761586062
0.499, 0.02896080222271122
0.5, 0.02890755220799446
0.501, 0.02885423781200297
0.502, 0.028800859275387697
0.503, 0.028747416839157255
0.504, 0.028693910744677243
0.505, 0.028640341233669552
0.506, 0.028586708548211697
0.507, 0.02853301293073613
0.508, 0.028479254624029563
0.509, 0.02842543387123228
0.51, 0.028371550915837467
0.511, 0.02831760600169051
0.512, 0.02826359937298833
0.513, 0.02820953127427869
0.514, 0.028155401950459503
0.515, 0.02810121164677816
0.516, 0.02804696060883084
0.517, 0.027992649082561816
0.518, 0.02793827731426278
0.519, 0.027883845550572144
0.52, 0.027829354038474363
0.521, 0.027774803025299236
0.522, 0.027720192758721226
0.523, 0.027665523486758766
0.524, 0.027610795457773566
0.525, 0.02755600892046993
0.526, 0.02750116412389406
0.527, 0.027446261317433367
0.528, 0.027391300750815778
0.529, 0.027336282674109043
0.53, 0.02728120733772004
0.531, 0.027226074992394093
0.532, 0.027170885889214267
0.533, 0.027115640279600676
0.534, 0.027060338415309797
0.535, 0.02700498054843376
0.536, 0.026949566931399674
0.537, 0.026894097816968904
0.538, 0.026838573458236405
0.539, 0.02678299410863001
0.54, 0.026727360021909726
0.541, 0.026671671452167058
0.542, 0.026615928653824297
0.543, 0.026560131881633822
0.544, 0.026504281390677415
0.545, 0.02644837743636555
0.546, 0.026392420274436702
0.547, 0.026336410160956645
0.548, 0.026280347352317754
0.549, 0.026224232105238308
0.55, 0.02616806467676179
0.551, 0.026111845324256186
0.552, 0.02605557430541329
0.553, 0.025999251878247996
0.554, 0.025942878301097604
0.555, 0.025886453832621118
0.556, 0.02582997873179855
0.557, 0.02577345325793021
0.558, 0.025716877670636018
0.559, 0.025660252229854793
0.56, 0.025603577195843552
0.561, 0.02554685282917682
0.562, 0.02549007939074591
0.5630000000000001, 0.025433257141758245
0.5640000000000001, 0.025376386343736637
0.5650000000000001, 0.025319467258518597
0.5660000000000001, 0.02526250014825563
0.5670000000000001, 0.025205485275412533
0.5680000000000001, 0.025148422902766695
0.5690000000000001, 0.02509131329340739
0.5700000000000001, 0.025034156710735087
0.5710000000000001, 0.02497695341846074
0.5720000000000001, 0.024919703680605088
0.5730000000000001, 0.02486240776149795
0.5740000000000001, 0.024805065925777536
0.5750000000000001, 0.02474767843838973
0.5760000000000001, 0.0246902455645874
0.577, 0.024632767569929694
0.578, 0.024575244720281338
0.579, 0.024517677281811933
0.58, 0.024460065520995257
0.581, 0.02440240970460857
0.582, 0.0243447100997319
0.583, 0.024286966973747354
0.584, 0.024229180594338415
0.585, 0.02417135122948924
0.586, 0.024113479147483966
0.587, 0.024055564616906003
0.588, 0.02399760790663734
0.589, 0.02393960928585784
0.59, 0.02388156902404456
0.591, 0.023823487390971024
0.592, 0.023765364656706547
0.593, 0.023707201091615532
0.594, 0.023648996966356767
0.595, 0.023590752551882737
0.596, 0.023532468119438918
0.597, 0.02347414394056309
0.598, 0.02341578028708463
0.599, 0.023357377431123837
0.6, 0.023298935645091213
0.601, 0.023240455201686782
0.602, 0.023181936373899398
0.603, 0.023123379435006045
0.604, 0.023064784658571143
0.605, 0.02300615231844587
0.606, 0.022947482688767448
0.607, 0.022888776043958472
0.608, 0.022830032658726206
0.609, 0.0227712528080619
0.61, 0.022712436767240104
0.611, 0.022653584811817968
0.612, 0.02259469721763456
0.613, 0.022535774260810184
0.614, 0.02247681621774569
0.615, 0.02241782336512178
0.616, 0.022358795979898333
0.617, 0.02229973433931372
0.618, 0.022240638720884116
0.619, 0.02218150940240282
0.62, 0.022122346661939577
0.621, 0.022063150777839883
0.622, 0.022003922028724324
0.623, 0.021944660693487883
0.624, 0.02188536705129927
0.625, 0.02182604138160024
0.626, 0.021766683964104916
0.627, 0.02170729507879912
0.628, 0.021647875005939694
0.629, 0.02158842402605382
0.63, 0.021528942419938368
0.631, 0.0214694304686592
0.632, 0.021409888453550522
0.633, 0.021350316656214202
0.634, 0.021290715358519105
0.635, 0.02123108484260043
0.636, 0.021171425390859047
0.637, 0.021111737285960823
0.638, 0.021052020810835965
0.639, 0.020992276248678367
0.64, 0.020932503882944934
0.641, 0.020872703997354934
0.642, 0.02081287687588934
0.643, 0.020753022802790178
0.644, 0.020693142062559858
0.645, 0.020633234939960537
0.646, 0.020573301720013464
0.647, 0.020513342687998322
0.648, 0.020453358129452585
0.649, 0.02039334833017088
0.65, 0.020333313576204326
0.651, 0.020273254153859905
0.652, 0.020213170349699813
0.653, 0.020153062450540823
0.654, 0.020092930743453637
0.655, 0.02003277551576227
0.656, 0.019972597055043395
0.657, 0.019912395649125725
0.658, 0.019852171586089373
0.659, 0.01979192515426523
0.66, 0.019731656642234332
0.661, 0.019671366338827236
0.662, 0.019611054533123406
0.663, 0.019550721514450583
0.664, 0.019490367572384166
0.665, 0.019429992996746602
0.666, 0.01936959807760677
0.667, 0.019309183105279366
0.668, 0.01924874837032429
0.669, 0.019188294163546053
0.67, 0.019127820775993155
0.671, 0.019067328498957495
0.672, 0.01900681762397376
0.673, 0.018946288442818836
0.674, 0.01888574124751121
0.675, 0.01882517633031038
0.676, 0.01876459398371625
0.677, 0.01870399450046857
0.678, 0.018643378173546325
0.679, 0.01858274529616717
0.68, 0.018522096161786836
0.681, 0.01846143106409857
0.682, 0.018400750297032555
0.683, 0.01834005415475533
0.684, 0.018279342931669235
0.685, 0.01821861692241184
0.686, 0.018157876421855394
0.687, 0.018097121725106243
0.6880000000000001, 0.018036353127504304
0.6890000000000001, 0.01797557092462249
0.6900000000000001, 0.01791477541226617
0.6910000000000001, 0.01785396688647263
0.6920000000000001, 0.017793145643510522
0.6930000000000001, 0.01773231197987933
0.6940000000000001, 0.017671466192308832
0.6950000000000001, 0.01761060857775857
0.6960000000000001, 0.01754973943341732
0.6970000000000001, 0.017488859056702576
0.6980000000000001, 0.01742796774526002
0.6990000000000001, 0.01736706579696301
0.7000000000000001, 0.01730615350991207
0.7010000000000001, 0.01724523118243437
0.7020000000000001, 0.017184299113083234
0.7030000000000001, 0.01712335760063764
0.704, 0.017062406944101705
0.705, 0.01700144744270422
0.706, 0.016940479395898135
0.707, 0.016879503103360092
0.708, 0.016818518864989942
0.709, 0.016757526980910268
0.71, 0.016696527751465913
0.711, 0.01663552147722352
0.712, 0.016574508458971068
0.713, 0.01651348899771741
0.714, 0.01645246339469183
0.715, 0.01639143195134359
0.716, 0.01633039496934149
0.717, 0.01626935275057344
0.718, 0.016208305597146012
0.719, 0.016147253811384026
0.72, 0.016086197695830126
0.721, 0.016025137553244362
0.722, 0.01596407368660378
0.723, 0.015903006399102023
0.724, 0.015841935994148924
0.725, 0.015780862775370125
0.726, 0.015719787046606672
0.727, 0.01565870911191465
0.728, 0.0155976292755648
0.729, 0.015536547842042149
0.73, 0.015475465116045651
0.731, 0.015414381402487827
0.732, 0.015353297006494416
0.733, 0.015292212233404033
0.734, 0.01523112738876783
0.735, 0.015170042778349163
0.736, 0.015108958708123276
0.737, 0.015047875484276977
0.738, 0.01498679341320833
0.739, 0.014925712801526358
0.74, 0.014864633956050742
0.741, 0.014803557183811537
0.742, 0.014742482792048888
0.743, 0.014681411088212762
0.744, 0.014620342379962679
0.745, 0.014559276975167462
0.746, 0.01449821518190498
0.747, 0.014437157308461915
0.748, 0.014376103663333523
0.749, 0.014315054555223417
0.75, 0.014254010293043344
0.751, 0.014192971185912987
0.752, 0.014131937543159761
0.753, 0.014070909674318626
0.754, 0.01400988788913191
0.755, 0.013948872497549137
0.756, 0.01388786380972686
0.757, 0.013826862136028526
0.758, 0.013765867787024315
0.759, 0.013704881073491023
0.76, 0.013643902306411935
0.761, 0.013582931796976713
0.762, 0.013521969856581297
0.763, 0.013461016796827815
0.764, 0.013400072929524503
0.765, 0.013339138566685636
0.766, 0.013278214020531474
0.767, 0.013217299603488209
0.768, 0.01315639562818794
0.769, 0.013095502407468644
0.77, 0.013034620254374164
0.771, 0.012973749482154217
0.772, 0.012912890404264403
0.773, 0.01285204333436623
0.774, 0.012791208586327155
0.775, 0.012730386474220638
0.776, 0.012669577312326204
0.777, 0.01260878141512952
0.778, 0.012547999097322493
0.779, 0.01248723067380337
0.78, 0.012426476459676861
0.781, 0.012365736770254276
0.782, 0.012305011921053665
0.783, 0.012244302227799994
0.784, 0.012183608006425317
0.785, 0.01212292957306897
0.786, 0.012062267244077784
0.787, 0.01200162133600631
0.788, 0.011940992165617063
0.789, 0.011880380049880776
0.79, 0.011819785305976684
0.791, 0.011759208251292808
0.792, 0.01169864920342627
0.793, 0.011638108480183625
0.794, 0.011577586399581194
0.795, 0.011517083279845441
0.796, 0.011456599439413353
0.797, 0.011396135196932838
0.798, 0.011335690871263153
0.799, 0.01127526678147534
0.8, 0.01121486324685269
0.801, 0.011154480586891224
0.802, 0.011094119121300199
0.803, 0.011033779170002627
0.804, 0.010973461053135826
0.805, 0.010913165091051984
0.806, 0.010852891604318753
0.807, 0.01079264091371986
0.808, 0.010732413340255743
0.809, 0.010672209205144216
0.81, 0.010612028829821148
0.811, 0.010551872535941177
0.812, 0.010491740645378445
0.8130000000000001, 0.010431633480227352
0.8140000000000001, 0.010371551362803351
0.8150000000000001, 0.010311494615643759
0.8160000000000001, 0.010251463561508594
0.8170000000000001, 0.010191458523381446
0.8180000000000001, 0.010131479824470376
0.8190000000000001, 0.010071527788208839
0.8200000000000001, 0.010011602738256638
0.8210000000000001, 0.009951704998500913
0.8220000000000001, 0.009891834893057151
0.8230000000000001, 0.00983199274627024
0.8240000000000001, 0.009772178882715542
0.8250000000000001, 0.00971239362720001
0.8260000000000001, 0.00965263730476333
0.8270000000000001, 0.009592910240679094
0.8280000000000001, 0.009533212760456026
0.8290000000000001, 0.009473545189839219
0.8300000000000001, 0.009413907854811427
0.8310000000000001, 0.009354301081594383
0.8320000000000001, 0.00929472519665016
0.833, 0.009235180526682566
0.834, 0.009175667398638584
0.835, 0.009116186139709848
0.836, 0.009056737077334159
0.837, 0.008997320539197044
0.838, 0.008937936853233365
0.839, 0.008878586347628956
0.84, 0.008819269350822318
0.841, 0.008759986191506359
0.842, 0.008700737198630166
0.843, 0.008641522701400848
0.844, 0.008582343029285405
0.845, 0.008523198512012664
0.846, 0.008464089479575256
0.847, 0.008405016262231644
0.848, 0.008345979190508215
0.849, 0.008286978595201416
0.85, 0.008228014807379952
0.851, 0.008169088158387034
0.852, 0.008110198979842697
0.853, 0.008051347603646163
0.854, 0.007992534361978278
0.855, 0.007933759587304006
0.856, 0.007875023612374988
0.857, 0.007816326770232165
0.858, 0.0077576693942084714
0.859, 0.007699051817931596
0.86, 0.007640474375326812
0.861, 0.007581937400619881
0.862, 0.007523441228340036
0.863, 0.007464986193323028
0.864, 0.007406572630714263
0.865, 0.0073482008759720155
0.866, 0.007289871264870719
0.867, 0.007231584133504345
0.868, 0.00717333981828987
0.869, 0.007115138655970827
0.87, 0.007056980983620951
0.871, 0.006998867138647914
0.872, 0.00694079745879716
0.873, 0.006882772282155837
0.874, 0.006824791947156827
0.875, 0.006766856792582885
0.876, 0.00670896715757088
0.877, 0.006651123381616148
0.878, 0.006593325804576957
0.879, 0.006535574766679086
0.88, 0.0064778706085205275
0.881, 0.006420213671076307
0.882, 0.006362604295703429
0.883, 0.006305042824145958
0.884, 0.006247529598540229
0.885, 0.006190064961420189
0.886, 0.006132649255722892
0.887, 0.006075282824794132
0.888, 0.006017966012394223
0.889, 0.005960699162703941
0.89, 0.00590348262033062
0.891, 0.005846316730314411
0.892, 0.005789201838134716
0.893, 0.0057321382897167865
0.894, 0.0056751264314385125
0.895, 0.0056181666101373885
0.896, 0.005561259173117676
0.897, 0.005504404468157761
0.898, 0.005447602843517714
0.899, 0.005390854647947069
0.9, 0.005334160230692808
0.901, 0.005277519941507581
0.902, 0.005220934130658153
0.903, 0.005164403148934093
0.904, 0.005107927347656715
0.905, 0.005051507078688271
0.906, 0.004995142694441417
0.907, 0.004938834547888947
0.908, 0.004882582992573825
0.909, 0.004826388382619502
0.91, 0.0047702510727405485
0.911, 0.004714171418253599
0.912, 0.004658149775088635
0.913, 0.004602186499800606
0.914, 0.004546281949581405
0.915, 0.004490436482272222
0.916, 0.0044346504563762745
0.917, 0.004378924231071943
0.918, 0.004323258166226318
0.919, 0.0042676526224091835
0.92, 0.004212107960907448
0.921, 0.004156624543740046
0.922, 0.0041012027336733295
0.923, 0.004045842894236964
0.924, 0.003990545389740361
0.925, 0.003935310585289663
0.926, 0.003880138846805304
0.927, 0.003825030541040179
0.928, 0.003769986035598443
0.929, 0.0037150056989549707
0.93, 0.003660089900475506
0.931, 0.0036052390104375372
0.932, 0.0035504534000519307
0.933, 0.003495733441485355
0.934, 0.003441079507883543
0.935, 0.003386491973395427
0.936, 0.0033319712131981917
0.937, 0.0032775176035232953
0.9380000000000001, 0.0032231315216835047
0.9390000000000001, 0.003168813346101
0.9400000000000001, 0.003114563456336608
0.9410000000000001, 0.0030603822331202214
0.9420000000000001, 0.0030062700583824717
0.9430000000000001, 0.0029522273152877273
0.9440000000000001, 0.0028982543882684906
0.9450000000000001, 0.0028443516630612745
0.9460000000000001, 0.0027905195267440494
0.9470000000000001, 0.0027367583677753507
0.9480000000000001, 0.0026830685760351504
0.9490000000000001, 0.002629450542867604
0.9500000000000001, 0.0025759046611257895
0.9510000000000001, 0.0025224313252185685
0.9520000000000001, 0.002469030931159709
0.9530000000000001, 0.0024157038766194207
0.9540000000000001, 0.0023624505609784736
0.9550000000000001, 0.0023092713853850727
0.9560000000000001, 0.0022561667528146916
0.9570000000000001, 0.0022031370681330816
0.9580000000000001, 0.00215018273816269
0.9590000000000001, 0.0020973041717527504
0.96, 0.0020445017798533336
0.961, 0.0019917759755936704
0.962, 0.001939127174365106
0.963, 0.0018865557939090661
0.964, 0.0018340622544104734
0.965, 0.001781646978597095
0.966, 0.001729310391845361
0.967, 0.0016770529222932583
0.968, 0.0016248750009609828
0.969, 0.0015727770618801178
0.97, 0.001520759542232211
0.971, 0.0014688228824977394
0.972, 0.001416967526616597
0.973, 0.0013651939221613995
0.974, 0.0013135025205251042
0.975, 0.001261893777124673
0.976, 0.0012103681516227964
0.977, 0.00115892610817003
0.978, 0.001107568115670123
0.979, 0.0010562946480718236
0.98, 0.001005106184691086
0.981, 0.0009540032105683987
0.982, 0.0009029862168669555
0.983, 0.0008520557013186767
0.984, 0.0008012121687267415
0.985, 0.0007504561315354657
0.986, 0.0006997881104812421
0.987, 0.0006492086353421605
0.988, 0.0005987182458092916
0.989, 0.0005483174925101697
0.99, 0.0004980069382258806
0.991, 0.00044778715935927496
0.992, 0.0003976587477364852
0.993, 0.0003476223128631632
0.994, 0.00029767848482228096
0.995, 0.00024782791811591137
0.996, 0.0001980712969730631
0.997, 0.0001484093431052973
0.998, 9.884282799098665e-05
0.999, 4.937259498241385e-05
1.0, -3.900686209717128e-10
1.0, 3.20847755064995, 12.533142521426674
0.0, 0.256
0.001, 0.25599957889680175
0.002, 0.255998315589285
0.003, 0.25599621008472295
0.004, 0.2559932623960457
0.005, 0.2559894725407506
0.006, 0.25598484054127846
0.007, 0.25597936642505414
0.008, 0.25597305022449035
0.009000000000000001, 0.2559658919769874
0.01, 0.2559578917249325
0.011, 0.25594904951569936
0.012, 0.25593936540164763
0.013000000000000001, 0.25592883944012235
0.014, 0.2559174716934535
0.015, 0.2559052622289557
0.016, 0.2558922111189274
0.017, 0.2558783184406506
0.018000000000000002, 0.25586358427639017
0.019, 0.2558480087133932
0.02, 0.2558315918438886
0.021, 0.2558143337650862
0.022, 0.2557962345791763
0.023, 0.2557772943933286
0.024, 0.2557575133196918
0.025, 0.25573689147539275
0.026000000000000002, 0.25571542898253535
0.027, 0.2556931259682
0.028, 0.25566998256444246
0.029, 0.25564599890829315
0.03, 0.25562117514175603
0.031, 0.25559551141180764
0.032, 0.2555690078703961
0.033, 0.25554166467443995
0.034, 0.2555134819858271
0.035, 0.2554844599714136
0.036000000000000004, 0.2554545988030228
0.037, 0.2554238986574436
0.038, 0.25539235971642965
0.039, 0.25535998216669786
0.04, 0.25532676619992717
0.041, 0.2552927120127571
0.042, 0.25525781980678647
0.043000000000000003, 0.2552220897885719
0.044, 0.2551855221696265
0.045, 0.25514811716641805
0.046, 0.25510987500036786
0.047, 0.25507079589784903
0.048, 0.25503088009018476
0.049, 0.25499012781364694
0.05, 0.2549485393094543
0.051000000000000004, 0.25490611482377085
0.052000000000000005, 0.25486285460770397
0.053, 0.2548187589173028
0.054, 0.2547738280135564
0.055, 0.2547280621623919
0.056, 0.25468146163467253
0.057, 0.25463402670619584
0.058, 0.25458575765769176
0.059000000000000004, 0.2545366547748205
0.06, 0.2544867183481707
0.061, 0.25443594867325725
0.062, 0.2543843460505192
0.063, 0.25433191078531775
0.064, 0.25427864318793403
0.065, 0.25422454357356694
0.066, 0.2541696122623309
0.067, 0.25411384957925365
0.068, 0.2540572558542738
0.069, 0.25399983142223875
0.07, 0.2539415766229021
0.07100000000000001, 0.25388249180092154
0.07200000000000001, 0.253822577305856
0.073, 0.2537618334921636
0.074, 0.2537002607191989
0.075, 0.25363785935121047
0.076, 0.25357462975733835
0.077, 0.25351057231161134
0.078, 0.25344568739294443
0.079, 0.2533799753851362
0.08, 0.2533134366768659
0.081, 0.25324607166169105
0.082, 0.2531778807380443
0.083, 0.25310886430923085
0.084, 0.2530390227834256
0.085, 0.2529683565736702
0.08600000000000001, 0.2528968660978701
0.08700000000000001, 0.2528245517787918
0.088, 0.2527514140440597
0.089, 0.25267745332615305
0.09, 0.25260267006240306
0.091, 0.2525270646949898
0.092, 0.25245063767093895
0.093, 0.25237338944211873
0.094, 0.2522953204652368
0.095, 0.2522164312018369
0.096, 0.2521367221182957
0.097, 0.2520561936858194
0.098, 0.2519748463804406
0.099, 0.2518926806830148
0.1, 0.25180969707921697
0.101, 0.2517258960595383
0.10200000000000001, 0.2516412781192827
0.10300000000000001, 0.2515558437585632
0.10400000000000001, 0.25146959348229847
0.105, 0.2513825278002093
0.106, 0.2512946472268151
0.107, 0.25120595228143006
0.108, 0.25111644348815965
0.109, 0.2510261213758969
0.11, 0.2509349864783187
0.111, 0.2508430393338819
0.112, 0.25075028048581977
0.113, 0.25065671048213795
0.114, 0.2505623298756107
0.115, 0.250467139223777
0.116, 0.25037113908893655
0.117, 0.2502743300381459
0.11800000000000001, 0.2501767126432145
0.11900000000000001, 0.2500782874807005
0.12, 0.24997905513190682
0.121, 0.24987901618287708
0.122, 0.2497781712243914
0.123, 0.24967652085196224
0.124, 0.24957406566583026
0.125, 0.24947080627096008
0.126, 0.249366743277036
0.127, 0.24926187729845772
0.128, 0.24915620895433604
0.129, 0.2490497388684885
0.13, 0.2489424676694349
0.131, 0.24883439599039298
0.132, 0.24872552446927398
0.133, 0.24861585374867806
0.134, 0.2485053844758898
0.135, 0.2483941173028737
0.136, 0.24828205288626956
0.137, 0.24816919188738787
0.138, 0.24805553497220512
0.139, 0.24794108281135913
0.14, 0.24782583608014436
0.14100000000000001, 0.24770979545850713
0.14200000000000002, 0.2475929616310409
0.14300000000000002, 0.2474753352869813
0.14400000000000002, 0.24735691712020147
0.145, 0.24723770782920707
0.146, 0.24711770811713135
0.147, 0.2469969186917303
0.148, 0.24687534026537755
0.149, 0.24675297355505946
0.15, 0.24662981928237004
0.151, 0.2465058781735059
0.152, 0.24638115095926102
0.153, 0.24625563837502185
0.154, 0.24612934116076188
0.155, 0.2460022600610366
0.156, 0.2458743958249782
0.157, 0.2457457492062903
0.158, 0.24561632096324273
0.159, 0.24548611185866612
0.16, 0.2453551226599465
0.161, 0.24522335413902
0.162, 0.24509080707236738
0.163, 0.24495748224100858
0.164, 0.24482338043049717
0.165, 0.24468850243091494
0.166, 0.24455284903686625
0.167, 0.24441642104747247
0.168, 0.2442792192663664
0.169, 0.2441412445016866
0.17, 0.24400249756607165
0.171, 0.24386297927665454
0.17200000000000001, 0.24372269045505685
0.17300000000000001, 0.24358163192738302
0.17400000000000002, 0.24343980452421454
0.17500000000000002, 0.24329720908060407
0.176, 0.2431538464360696
0.177, 0.24300971743458857
0.178, 0.24286482292459194
0.179, 0.2427191637589582
0.18, 0.24257274079500735
0.181, 0.24242555489449497
0.182, 0.2422776069236061
0.183, 0.24212889775294913
0.184, 0.24197942825754978
0.185, 0.24182919931684485
0.186, 0.24167821181467608
0.187, 0.24152646663928398
0.188, 0.24137396468330155
0.189, 0.241220706843748
0.19, 0.2410666940220225
0.191, 0.24091192712389778
0.192, 0.24075640705951384
0.193, 0.24060013474337152
0.194, 0.24044311109432606
0.195, 0.2402853370355807
0.196, 0.24012681349468015
0.197, 0.23996754140350413
0.198, 0.23980752169826075
0.199, 0.23964675531948001
0.2, 0.2394852432120072
0.201, 0.23932298632499616
0.202, 0.23915998561190274
0.203, 0.23899624203047806
0.20400000000000001, 0.23883175654276179
0.20500000000000002, 0.23866653011507535
0.20600000000000002, 0.23850056371801526
0.20700000000000002, 0.23833385832644616
0.20800000000000002, 0.23816641491949408
0.209, 0.23799823448053958
0.21, 0.23782931799721074
0.211, 0.23765966646137632
0.212, 0.23748928086913879
0.213, 0.23731816222082733
0.214, 0.2371463115209908
0.215, 0.23697372977839073
0.216, 0.2368004180059942
0.217, 0.23662637722096672
0.218, 0.23645160844466517
0.219, 0.23627611270263058
0.22, 0.23609989102458095
0.221, 0.235922944444404
0.222, 0.23574527400015
0.223, 0.23556688073402438
0.224, 0.2353877656923805
0.225, 0.23520792992571232
0.226, 0.23502737448864697
0.227, 0.23484610043993737
0.228, 0.23466410884245487
0.229, 0.23448140076318172
0.23, 0.23429797727320367
0.231, 0.23411383944770237
0.232, 0.2339289883659479
0.233, 0.23374342511129118
0.234, 0.23355715077115638
0.23500000000000001, 0.23337016643703332
0.23600000000000002, 0.23318247320446975
0.23700000000000002, 0.23299407217306378
0.23800000000000002, 0.2328049644464561
0.23900000000000002, 0.23261515113232223
0.24, 0.23242463334236485
0.241, 0.2322334121923059
0.242, 0.23204148880187883
0.243, 0.23184886429482077
0.244, 0.23165553979886458
0.245, 0.23146151644573104
0.246, 0.23126679537112088
0.247, 0.23107137771470682
0.248, 0.2308752646201256
0.249, 0.23067845723496994
0.25, 0.23048095671078056
0.251, 0.23028276420303806
0.252, 0.2300838808711549
0.253, 0.22988430787846717
0.254, 0.22968404639222656
0.255, 0.22948309758359214
0.256, 0.22928146262762214
0.257, 0.22907914270326576
0.258, 0.2288761389933549
0.259, 0.22867245268459588
0.26, 0.2284680849675611
0.261, 0.22826303703668083
0.262, 0.22805731009023467
0.263, 0.22785090533034333
0.264, 0.22764382396296015
0.265, 0.2274360671978626
0.266, 0.22722763624864395
0.267, 0.22701853233270466
0.268, 0.22680875667124392
0.269, 0.22659831048925108
0.27, 0.22638719501549714
0.271, 0.2261754114825261
0.272, 0.2259629611266463
0.273, 0.22574984518792188
0.274, 0.22553606491016406
0.275, 0.22532162154092245
0.276, 0.22510651633147624
0.277, 0.22489075053682558
0.278, 0.22467432541568277
0.279, 0.2244572422304634
0.28, 0.22423950224727757
0.281, 0.22402110673592104
0.28200000000000003, 0.22380205696986638
0.28300000000000003, 0.22358235422625403
0.28400000000000003, 0.22336199978588334
0.28500000000000003, 0.22314099493320372
0.28600000000000003, 0.22291934095630558
0.28700000000000003, 0.22269703914691139
0.28800000000000003, 0.22247409080036656
0.289, 0.2222504972156305
0.29, 0.2220262596952675
0.291, 0.22180137954543766
0.292, 0.22157585807588764
0.293, 0.2213496965999417
0.294, 0.22112289643449237
0.295, 0.2208954588999914
0.296, 0.2206673853204404
0.297, 0.22043867702338163
0.298, 0.22020933533988882
0.299, 0.21997936160455778
0.3, 0.21974875715549708
0.301, 0.21951752333431881
0.302, 0.2192856614861291
0.303, 0.21905317295951882
0.304, 0.21882005910655405
0.305, 0.21858632128276684
0.306, 0.2183519608471455
0.307, 0.21811697916212536
0.308, 0.2178813775935791
0.309, 0.21764515751080726
0.31, 0.2174083202865288
0.311, 0.21717086729687127
0.312, 0.21693279992136147
0.313, 0.21669411954291573
0.314, 0.21645482754783021
0.315, 0.2162149253257713
0.316, 0.21597441426976594
0.317, 0.21573329577619185
0.318, 0.21549157124476784
0.319, 0.215249242078544
0.32, 0.215006309683892
0.321, 0.21476277547049522
0.322, 0.21451864085133895
0.323, 0.21427390724270054
0.324, 0.2140285760641395
0.325, 0.21378264873848765
0.326, 0.21353612669183922
0.327, 0.21328901135354084
0.328, 0.21304130415618167
0.329, 0.21279300653558333
0.33, 0.21254411993079
0.331, 0.2122946457840583
0.332, 0.2120445855408473
0.333, 0.21179394064980842
0.334, 0.2115427125627754
0.335, 0.21129090273475412
0.336, 0.21103851262391254
0.337, 0.21078554369157046
0.338, 0.21053199740218945
0.339, 0.21027787522336258
0.34, 0.21002317862580422
0.341, 0.20976790908333984
0.342, 0.2095120680728957
0.343, 0.20925565707448865
0.34400000000000003, 0.2089986775712157
0.34500000000000003, 0.20874113104924388
0.34600000000000003, 0.20848301899779972
0.34700000000000003, 0.20822434290915903
0.34800000000000003, 0.20796510427863646
0.34900000000000003, 0.2077053046045751
0.35000000000000003, 0.20744494538833602
0.35100000000000003, 0.20718402813428796
0.352, 0.20692255434979673
0.353, 0.2066605255452148
0.354, 0.20639794323387078
0.355, 0.20613480893205893
0.356, 0.20587112415902856
0.357, 0.2056068904369735
0.358, 0.20534210929102156
0.359, 0.2050767822492239
0.36, 0.2048109108425444
0.361, 0.20454449660484905
0.362, 0.20427754107289525
0.363, 0.20401004578632118
0.364, 0.20374201228763505
0.365, 0.2034734421222045
0.366, 0.20320433683824576
0.367, 0.2029346979868129
0.368, 0.20266452712178715
0.369, 0.202393825799866
0.37, 0.2021225955805525
0.371, 0.20185083802614437
0.372, 0.2015785547017231
0.373, 0.2013057471751432
0.374, 0.20103241701702135
0.375, 0.20075856580072532
0.376, 0.2004841951023632
0.377, 0.20020930650077245
0.378, 0.19993390157750887
0.379, 0.19965798191683573
0.38, 0.1993815491057127
0.381, 0.1991046047337849
0.382, 0.19882715039337184
0.383, 0.19854918767945642
0.384, 0.19827071818967382
0.385, 0.19799174352430043
0.386, 0.19771226528624283
0.387, 0.19743228508102662
0.388, 0.19715180451678524
0.389, 0.19687082520424895
0.39, 0.1965893487567336
0.391, 0.1963073767901294
0.392, 0.19602491092288987
0.393, 0.1957419527760205
0.394, 0.19545850397306752
0.395, 0.19517456614010675
0.396, 0.19489014090573228
0.397, 0.1946052299010452
0.398, 0.19431983475964232
0.399, 0.19403395711760482
0.4, 0.19374759861348698
0.401, 0.1934607608883048
0.402, 0.19317344558552468
0.403, 0.192885654351052
0.404, 0.19259738883321978
0.405, 0.1923086506827772
0.406, 0.19201944155287826
0.40700000000000003, 0.19172976309907033
0.40800000000000003, 0.19143961697928266
0.40900000000000003, 0.19114900485381495
0.41000000000000003, 0.19085792838532586
0.41100000000000003, 0.19056638923882152
0.41200000000000003, 0.19027438908164399
0.41300000000000003, 0.18998192958345975
0.41400000000000003, 0.18968901241624817
0.41500000000000004, 0.18939563925428998
0.41600000000000004, 0.18910181177415564
0.417, 0.18880753165469374
0.418, 0.18851280057701952
0.419, 0.18821762022450314
0.42, 0.18792199228275808
0.421, 0.18762591843962953
0.422, 0.1873294003851827
0.423, 0.18703243981169118
0.424, 0.1867350384136252
0.425, 0.18643719788764004
0.426, 0.18613891993256415
0.427, 0.1858402062493876
0.428, 0.18554105854125022
0.429, 0.1852414785134299
0.43, 0.1849414678733308
0.431, 0.1846410283304716
0.432, 0.1843401615964737
0.433, 0.18403886938504938
0.434, 0.18373715341199
0.435, 0.18343501539515422
0.436, 0.18313245705445602
0.437, 0.18282948011185302
0.438, 0.18252608629133446
0.439, 0.1822222773189094
0.44, 0.18191805492259477
0.441, 0.18161342083240356
0.442, 0.18130837678033276
0.443, 0.18100292450035152
0.444, 0.1806970657283892
0.445, 0.1803908022023234
0.446, 0.18008413566196796
0.447, 0.17977706784906103
0.448, 0.17946960050725302
0.449, 0.1791617353820947
0.45, 0.17885347422102504
0.451, 0.1785448187733593
0.452, 0.17823577079027692
0.453, 0.1779263320248095
0.454, 0.1776165042318288
0.455, 0.17730628916803448
0.456, 0.17699568859194226
0.457, 0.17668470426387162
0.458, 0.17637333794593382
0.459, 0.17606159140201974
0.46, 0.17574946639778774
0.461, 0.17543696470065157
0.462, 0.17512408807976812
0.463, 0.1748108383060254
0.464, 0.17449721715203023
0.465, 0.1741832263920962
0.466, 0.1738688678022314
0.467, 0.17355414316012618
0.468, 0.17323905424514105
0.46900000000000003, 0.17292360283829436
0.47000000000000003, 0.17260779072225016
0.47100000000000003, 0.17229161968130585
0.47200000000000003, 0.17197509150138005
0.47300000000000003, 0.17165820797000025
0.47400000000000003, 0.17134097087629063
0.47500000000000003, 0.17102338201095968
0.47600000000000003, 0.17070544316628797
0.47700000000000004, 0.17038715613611588
0.47800000000000004, 0.17006852271583128
0.47900000000000004, 0.16974954470235715
0.48, 0.16943022389413934
0.481, 0.1691105620911342
0.482, 0.1687905610947963
0.483, 0.16847022270806594
0.484, 0.16814954873535698
0.485, 0.16782854098254432
0.486, 0.16750720125695162
0.487, 0.16718553136733885
0.488, 0.16686353312388996
0.489, 0.16654120833820046
0.49, 0.16621855882326503
0.491, 0.16589558639346502
0.492, 0.16557229286455616
0.493, 0.16524868005365606
0.494, 0.16492474977923177
0.495, 0.16460050386108735
0.496, 0.1642759441203514
0.497, 0.16395107237946466
0.498, 0.16362589046216744
0.499, 0.16330040019348727
0.5, 0.16297460339972633
0.501, 0.16264850190844898
0.502, 0.16232209754846932
0.503, 0.1619953921498386
0.504, 0.16166838754383278
0.505, 0.16134108556294
0.506, 0.16101348804084803
0.507, 0.16068559681243183
0.508, 0.1603574137137409
0.509, 0.16002894058198686
0.51, 0.15970017925553076
0.511, 0.1593711315738707
0.512, 0.15904179937762913
0.513, 0.15871218450854035
0.514, 0.158382288809438
0.515, 0.15805211412424233
0.516, 0.15772166229794776
0.517, 0.15739093517661026
0.518, 0.15705993460733472
0.519, 0.15672866243826242
0.52, 0.15639712051855836
0.521, 0.1560653106983987
0.522, 0.15573323482895818
0.523, 0.1554008947623974
0.524, 0.1550682923518503
0.525, 0.15473542945141147
0.526, 0.1544023079161236
0.527, 0.15406892960196478
0.528, 0.15373529636583583
0.529, 0.15340141006554778
0.53, 0.15306727255980912
0.531, 0.15273288570821317
0.532, 0.15239825137122545
0.533, 0.15206337141017104
0.534, 0.15172824768722185
0.535, 0.15139288206538395
0.536, 0.15105727640848507
0.537, 0.15072143258116166
0.538, 0.15038535244884646
0.539, 0.15004903787775567
0.54, 0.1497124907348763
0.541, 0.14937571288795354
0.542, 0.149038706205478
0.543, 0.14870147255667301
0.544, 0.14836401381148207
0.545, 0.1480263318405559
0.546, 0.14768842851524003
0.547, 0.14735030570756186
0.548, 0.14701196529021807
0.549, 0.1466734091365619
0.55, 0.14633463912059044
0.551, 0.14599565711693188
0.552, 0.14565646500083285
0.553, 0.14531706464814567
0.554, 0.14497745793531566
0.555, 0.14463764673936838
0.556, 0.14429763293789694
0.557, 0.14395741840904924
0.558, 0.14361700503151537
0.559, 0.1432763946845147
0.56, 0.14293558924778327
0.561, 0.14259459060156102
0.562, 0.1422534006265791
0.5630000000000001, 0.14191202120404714
0.5640000000000001, 0.14157045421564043
0.5650000000000001, 0.1412287015434873
0.5660000000000001, 0.1408867650701563
0.5670000000000001, 0.14054464667864355
0.5680000000000001, 0.14020234825235994
0.5690000000000001, 0.13985987167511843
0.5700000000000001, 0.13951721883112128
0.5710000000000001, 0.13917439160494738
0.5720000000000001, 0.13883139188153942
0.5730000000000001, 0.13848822154619125
0.5740000000000001, 0.13814488248453508
0.5750000000000001, 0.13780137658252875
0.5760000000000001, 0.13745770572644306
0.577, 0.13711387180284895
0.578, 0.13676987669860483
0.579, 0.1364257223008438
0.58, 0.13608141049696096
0.581, 0.1357369431746006
0.582, 0.1353923222216436
0.583, 0.13504754952619458
0.584, 0.13470262697656918
0.585, 0.13435755646128142
0.586, 0.13401233986903088
0.587, 0.13366697908869005
0.588, 0.1333214760092915
0.589, 0.13297583252001527
0.59, 0.1326300505101761
0.591, 0.13228413186921067
0.592, 0.13193807848666497
0.593, 0.13159189225218149
0.594, 0.13124557505548654
0.595, 0.13089912878637758
0.596, 0.1305525553347105
0.597, 0.1302058565903868
0.598, 0.12985903444334104
0.599, 0.12951209078352804
0.6, 0.12916502750091022
0.601, 0.12881784648544484
0.602, 0.1284705496270714
0.603, 0.1281231388156989
0.604, 0.12777561594119308
0.605, 0.12742798289336385
0.606, 0.12708024156195255
0.607, 0.12673239383661927
0.608, 0.12638444160693016
0.609, 0.12603638676234474
0.61, 0.12568823119220335
0.611, 0.1253399767857143
0.612, 0.12499162543194133
0.613, 0.12464317901979091
0.614, 0.1242946394379996
0.615, 0.12394600857512136
0.616, 0.12359728831951497
0.617, 0.12324848055933128
0.618, 0.1228995871825007
0.619, 0.12255061007672043
0.62, 0.12220155112944193
0.621, 0.12185241222785827
0.622, 0.12150319525889144
0.623, 0.12115390210917984
0.624, 0.12080453466506558
0.625, 0.1204550948125819
0.626, 0.1201055844374406
0.627, 0.11975600542501937
0.628, 0.11940635966034925
0.629, 0.11905664902810205
0.63, 0.11870687541257773
0.631, 0.11835704069769182
0.632, 0.11800714676696289
0.633, 0.11765719550349996
0.634, 0.11730718878998991
0.635, 0.11695712850868499
0.636, 0.1166070165413902
0.637, 0.11625685476945082
0.638, 0.11590664507373978
0.639, 0.11555638933464522
0.64, 0.11520608943205793
0.641, 0.1148557472453588
0.642, 0.11450536465340634
0.643, 0.11415494353452421
0.644, 0.11380448576648863
0.645, 0.11345399322651599
0.646, 0.11310346779125027
0.647, 0.11275291133675064
0.648, 0.11240232573847891
0.649, 0.11205171287128717
0.65, 0.1117010746094052
0.651, 0.11135041282642816
0.652, 0.11099972939530403
0.653, 0.11064902618832126
0.654, 0.11029830507709627
0.655, 0.10994756793256108
0.656, 0.1095968166249509
0.657, 0.10924605302379167
0.658, 0.10889527899788774
0.659, 0.10854449641530942
0.66, 0.10819370714338063
0.661, 0.1078429130486665
0.662, 0.10749211599696105
0.663, 0.1071413178532748
0.664, 0.10679052048182242
0.665, 0.1064397257460104
0.666, 0.10608893550842476
0.667, 0.10573815163081862
0.668, 0.10538737597410003
0.669, 0.10503661039831955
0.67, 0.10468585676265799
0.671, 0.10433511692541415
0.672, 0.10398439274399254
0.673, 0.10363368607489107
0.674, 0.10328299877368882
0.675, 0.10293233269503381
0.676, 0.10258168969263073
0.677, 0.10223107161922872
0.678, 0.10188048032660914
0.679, 0.10152991766557339
0.68, 0.10117938548593068
0.681, 0.10082888563648586
0.682, 0.10047841996502722
0.683, 0.10012799031831435
0.684, 0.09977759854206593
0.685, 0.09942724648094764
0.686, 0.09907693597855997
0.687, 0.09872666887742614
0.6880000000000001, 0.09837644701897992
0.6890000000000001, 0.09802627224355359
0.6900000000000001, 0.0976761463903658
0.6910000000000001, 0.0973260712975095
0.6920000000000001, 0.09697604880193987
0.6930000000000001, 0.09662608073946222
0.6940000000000001, 0.09627616894471999
0.6950000000000001, 0.09592631525118268
0.6960000000000001, 0.09557652149113384
0.6970000000000001, 0.095226789495659
0.6980000000000001, 0.09487712109463374
0.6990000000000001, 0.0945275181167116
0.7000000000000001, 0.09417798238931221
0.7010000000000001, 0.09382851573860923
0.7020000000000001, 0.09347911998951841
0.7030000000000001, 0.09312979696568566
0.704, 0.0927805484894751
0.705, 0.09243137638195716
0.706, 0.0920822824628966
0.707, 0.0917332685507407
0.708, 0.09138433646260731
0.709, 0.091035488014273
0.71, 0.09068672502016119
0.711, 0.09033804929333031
0.712, 0.08998946264546195
0.713, 0.08964096688684904
0.714, 0.08929256382638405
0.715, 0.08894425527154716
0.716, 0.08859604302839451
0.717, 0.08824792890154642
0.718, 0.08789991469417562
0.719, 0.0875520022079955
0.72, 0.08720419324324839
0.721, 0.08685648959869385
0.722, 0.08650889307159695
0.723, 0.08616140545771657
0.724, 0.08581402855129373
0.725, 0.08546676414503997
0.726, 0.08511961403012559
0.727, 0.08477257999616815
0.728, 0.08442566383122073
0.729, 0.0840788673217604
0.73, 0.08373219225267658
0.731, 0.08338564040725953
0.732, 0.08303921356718866
0.733, 0.0826929135125211
0.734, 0.08234674202168012
0.735, 0.0820007008714436
0.736, 0.0816547918369325
0.737, 0.08130901669159946
0.738, 0.0809633772072172
0.739, 0.08061787515386717
0.74, 0.08027251229992803
0.741, 0.07992729041206424
0.742, 0.07958221125521465
0.743, 0.07923727659258112
0.744, 0.07889248818561706
0.745, 0.07854784779401615
0.746, 0.07820335717570091
0.747, 0.07785901808681145
0.748, 0.07751483228169405
0.749, 0.0771708015128899
0.75, 0.07682692753112381
0.751, 0.07648321208529296
0.752, 0.07613965692245556
0.753, 0.07579626378781969
0.754, 0.07545303442473202
0.755, 0.07510997057466663
0.756, 0.07476707397721383
0.757, 0.07442434637006891
0.758, 0.07408178948902105
0.759, 0.07373940506794219
0.76, 0.07339719483877578
0.761, 0.07305516053152583
0.762, 0.07271330387424571
0.763, 0.0723716265930271
0.764, 0.07203013041198893
0.765, 0.07168881705326634
0.766, 0.07134768823699968
0.767, 0.07100674568132342
0.768, 0.07066599110235527
0.769, 0.07032542621418512
0.77, 0.06998505272886413
0.771, 0.06964487235639374
0.772, 0.06930488680471483
0.773, 0.06896509777969674
0.774, 0.06862550698512643
0.775, 0.06828611612269757
0.776, 0.06794692689199976
0.777, 0.06760794099050763
0.778, 0.06726916011357005
0.779, 0.06693058595439935
0.78, 0.06659222020406054
0.781, 0.06625406455146052
0.782, 0.06591612068333738
0.783, 0.06557839028424965
0.784, 0.06524087503656562
0.785, 0.06490357662045262
0.786, 0.06456649671386643
0.787, 0.06422963699254051
0.788, 0.06389299912997551
0.789, 0.06355658479742855
0.79, 0.06322039566390271
0.791, 0.0628844333961364
0.792, 0.06254869965859285
0.793, 0.06221319611344954
0.794, 0.06187792442058774
0.795, 0.06154288623758196
0.796, 0.06120808321968951
0.797, 0.06087351701984005
0.798, 0.060539189288625124
0.799, 0.060205101674287775
0.8, 0.05987125582271214
0.801, 0.059537653377413076
0.802, 0.0592042959795258
0.803, 0.05887118526779555
0.804, 0.05853832287856729
0.805, 0.058205710445775403
0.806, 0.057873349600933405
0.807, 0.0575412419731237
0.808, 0.05720938918898736
0.809, 0.0568777928727139
0.81, 0.056546454646031065
0.811, 0.056215376128194695
0.812, 0.05588455893597855
0.8130000000000001, 0.0555540046836642
0.8140000000000001, 0.055223714983030865
0.8150000000000001, 0.05489369144334539
0.8160000000000001, 0.054563935671352135
0.8170000000000001, 0.05423444927126295
0.8180000000000001, 0.05390523384474712
0.8190000000000001, 0.05357629099092141
0.8200000000000001, 0.05324762230634003
0.8210000000000001, 0.0529192293849847
0.8220000000000001, 0.0525911138182547
0.8230000000000001, 0.05226327719495696
0.8240000000000001, 0.05193572110129614
0.8250000000000001, 0.0516084471208648
0.8260000000000001, 0.05128145683463348
0.8270000000000001, 0.05095475182094094
0.8280000000000001, 0.05062833365548428
0.8290000000000001, 0.050302203911309205
0.8300000000000001, 0.04997636415880022
0.8310000000000001, 0.049650815965670905
0.8320000000000001, 0.049325560896954196
0.833, 0.04900060051499267
0.834, 0.04867593637942887
0.835, 0.04835157004719566
0.836, 0.04802750307250656
0.837, 0.047703737006846186
0.838, 0.047380273398960615
0.839, 0.04705711379484783
0.84, 0.046734259737748196
0.841, 0.04641171276813492
0.842, 0.04608947442370454
0.843, 0.0457675462393675
0.844, 0.04544592974723863
0.845, 0.04512462647662777
0.846, 0.04480363795403034
0.847, 0.04448296570311796
0.848, 0.04416261124472908
0.849, 0.04384257609685967
0.85, 0.043522861774653865
0.851, 0.04320346979039472
0.852, 0.04288440165349492
0.853, 0.04256565887048753
0.854, 0.04224724294501678
0.855, 0.041929155377828875
0.856, 0.04161139766676283
0.857, 0.041293971306741284
0.858, 0.04097687778976143
0.859, 0.04066011860488587
0.86, 0.04034369523823355
0.861, 0.040027609172970706
0.862, 0.03971186188930185
0.863, 0.03939645486446074
0.864, 0.03908138957270143
0.865, 0.03876666748528927
0.866, 0.03845229007049202
0.867, 0.038138258793570905
0.868, 0.03782457511677175
0.869, 0.037511240499316124
0.87, 0.03719825639739249
0.871, 0.03688562426414742
0.872, 0.036573345549676776
0.873, 0.036261421701016976
0.874, 0.03594985416213625
0.875, 0.03563864437392593
0.876, 0.03532779377419176
0.877, 0.03501730379764524
0.878, 0.03470717587589499
0.879, 0.03439741143743813
0.88, 0.03408801190765171
0.881, 0.03377897870878415
0.882, 0.03347031325994667
0.883, 0.03316201697710483
0.884, 0.03285409127307001
0.885, 0.03254653755749098
0.886, 0.03223935723684543
0.887, 0.03193255171443159
0.888, 0.031626122390359834
0.889, 0.031320070661544346
0.89, 0.031014397921694758
0.891, 0.03070910556130786
0.892, 0.03040419496765933
0.893, 0.030099667524795457
0.894, 0.02979552461352494
0.895, 0.029491767611410667
0.896, 0.029188397892761554
0.897, 0.02888541682862438
0.898, 0.028582825786775685
0.899, 0.02828062613171365
0.9, 0.027978819224650047
0.901, 0.027677406423502186
0.902, 0.02737638908288489
0.903, 0.027075768554102524
0.904, 0.02677554618514101
0.905, 0.026475723320659898
0.906, 0.026176301301984457
0.907, 0.025877281467097786
0.908, 0.025578665150632954
0.909, 0.02528045368386518
0.91, 0.024982648394704016
0.911, 0.02468525060768557
0.912, 0.02438826164396477
0.913, 0.02409168282130762
0.914, 0.02379551545408352
0.915, 0.023499760853257595
0.916, 0.023204420326383035
0.917, 0.022909495177593508
0.918, 0.022614986707595548
0.919, 0.02232089621366101
0.92, 0.022027224989619523
0.921, 0.021733974325851006
0.922, 0.02144114550927816
0.923, 0.021148739823359047
0.924, 0.020856758548079644
0.925, 0.020565202959946464
0.926, 0.020274074331979173
0.927, 0.019983373933703266
0.928, 0.01969310303114274
0.929, 0.01940326288681282
0.93, 0.019113854759712688
0.931, 0.018824879905318278
0.932, 0.018536339575575052
0.933, 0.01824823501889084
0.934, 0.01796056748012868
0.935, 0.017673338200599728
0.936, 0.017386548418056143
0.937, 0.01710019936668404
0.9380000000000001, 0.01681429227709645
0.9390000000000001, 0.01652882837632633
0.9400000000000001, 0.016243808887819566
0.9410000000000001, 0.015959235031428046
0.9420000000000001, 0.015675108023402728
0.9430000000000001, 0.015391429076386754
0.9440000000000001, 0.015108199399408592
0.9450000000000001, 0.014825420197875193
0.9460000000000001, 0.014543092673565194
0.9470000000000001, 0.01426121802462214
0.9480000000000001, 0.013979797445547736
0.9490000000000001, 0.013698832127195125
0.9500000000000001, 0.013418323256762205
0.9510000000000001, 0.01313827201778496
0.9520000000000001, 0.012858679590130834
0.9530000000000001, 0.012579547149992125
0.9540000000000001, 0.012300875869879407
0.9550000000000001, 0.012022666918614993
0.9560000000000001, 0.011744921461326408
0.9570000000000001, 0.011467640659439908
0.9580000000000001, 0.011190825670674025
0.9590000000000001, 0.010914477649033128
0.96, 0.01063859774480103
0.961, 0.010363187104534615
0.962, 0.010088246871057499
0.963, 0.009813778183453713
0.964, 0.009539782177061423
0.965, 0.009266259983466679
0.966, 0.008993212730497186
0.967, 0.008720641542216113
0.968, 0.008448547538915926
0.969, 0.008176931837112256
0.97, 0.007905795549537787
0.971, 0.007635139785136186
0.972, 0.007364965649056053
0.973, 0.007095274242644905
0.974, 0.00682606666344319
0.975, 0.0065573440051783245
0.976, 0.006289107357758775
0.977, 0.006021357807268153
0.978, 0.0057540964359593496
0.979, 0.005487324322248698
0.98, 0.005221042540710167
0.981, 0.004955252162069579
0.982, 0.004689954253198867
0.983, 0.004425149877110353
0.984, 0.004160840092951063
0.985, 0.00389702595599707
0.986, 0.0036337085176478623
0.987, 0.0033708888254207524
0.988, 0.0031085679229453066
0.989, 0.002846746849957809
0.99, 0.002585426642295756
0.991, 0.0023246083318923805
0.992, 0.0020642929467712054
0.993, 0.00180448151104063
0.994, 0.001545175044888545
0.995, 0.0012863745645769775
0.996, 0.0010280810824367694
0.997, 0.0007702956068622823
0.998, 0.0005130191423061369
0.999, 0.0002562526892739804
1.0, -2.7556807147581172e-09
1.5, 108.27500739934932, 49.45796974726642
0.0, 2.94722519891231
0.001, 2.947218641369229
0.002, 2.947198968805644
0.003, 2.9471661814513523
0.004, 2.947120279714879
0.005, 2.947061264149043
0.006, 2.946989135462833
0.007, 2.946903894522683
0.008, 2.9468055423525743
0.009000000000000001, 2.9466940801340153
0.01, 2.9465695092060025
0.011, 2.9464318310649835
0.012, 2.946281047364818
0.013000000000000001, 2.9461171599167395
0.014, 2.9459401706893087
0.015, 2.945750081808373
0.016, 2.945546895557014
0.017, 2.9453306143755
0.018000000000000002, 2.9451012408612285
0.019, 2.944858777768669
0.02, 2.9446032280093015
0.021, 2.9443345946515516
0.022, 2.9440528809207223
0.023, 2.9437580901989224
0.024, 2.94345022602499
0.025, 2.943129292094416
0.026000000000000002, 2.9427952922592597
0.027, 2.9424482305280644
0.028, 2.9420881110657677
0.029, 2.9417149381936096
0.03, 2.941328716389036
0.031, 2.940929450285599
0.032, 2.9405171446728553
0.033, 2.940091804496258
0.034, 2.939653434857048
0.035, 2.93920204101214
0.036000000000000004, 2.938737628374007
0.037, 2.9382602025105586
0.038, 2.9377697691450178
0.039, 2.937266334155795
0.04, 2.936749903576358
0.041, 2.9362204835950947
0.042, 2.93567808055518
0.043000000000000003, 2.9351227009544334
0.044, 2.934554351445174
0.045, 2.933973038834075
0.046, 2.9333787700820113
0.047, 2.9327715523039055
0.048, 2.9321513927685707
0.049, 2.93151829889855
0.05, 2.9308722782699506
0.051000000000000004, 2.930213338612277
0.052000000000000005, 2.9295414878082604
0.053, 2.928856733893683
0.054, 2.928159085057201
0.055, 2.9274485496401628
0.056, 2.926725136136426
0.057, 2.9259888531921674
0.058, 2.9252397096056937
0.059000000000000004, 2.924477714327246
0.06, 2.923702876458801
0.061, 2.922915205253874
0.062, 2.922114710117309
0.063, 2.9213014006050755
0.064, 2.9204752864240544
0.065, 2.919636377431826
0.066, 2.9187846836364515
0.067, 2.917920215196252
0.068, 2.917042982419585
0.069, 2.916152995764617
0.07, 2.9152502658390924
0.07100000000000001, 2.9143348034001013
0.07200000000000001, 2.9134066193538404
0.073, 2.9124657247553745
0.074, 2.9115121308083927
0.075, 2.9105458488649614
0.076, 2.9095668904252747
0.077, 2.9085752671374023
0.078, 2.9075709907970313
0.079, 2.906554073347209
0.08, 2.90552452687808
0.081, 2.9044823636266193
0.082, 2.9034275959763653
0.083, 2.902360236457147
0.084, 2.9012802977448096
0.085, 2.900187792660935
0.08600000000000001, 2.8990827341725627
0.08700000000000001, 2.8979651353919036
0.088, 2.8968350095760544
0.089, 2.8956923701267057
0.09, 2.8945372305898487
0.091, 2.89336960465548
0.092, 2.892189506157301
0.093, 2.8909969490724143
0.094, 2.88979194752102
0.095, 2.8885745157661065
0.096, 2.8873446682131374
0.097, 2.886102419409739
0.098, 2.8848477840453817
0.099, 2.8835807769510584
0.1, 2.882301413098963
0.101, 2.881009707602163
0.10200000000000001, 2.879705675714269
0.10300000000000001, 2.878389332829104
0.10400000000000001, 2.877060694480368
0.105, 2.8757197763412985
0.106, 2.8743665942243304
0.107, 2.873001164080752
0.108, 2.8716235020003587
0.109, 2.8702336242111026
0.11, 2.86883154707874
0.111, 2.867417287106477
0.112, 2.8659908609346094
0.113, 2.864552285340164
0.114, 2.8631015772365345
0.115, 2.861638753673113
0.116, 2.8601638318349227
0.117, 2.8586768290422455
0.11800000000000001, 2.8571777627502466
0.11900000000000001, 2.8556666505485975
0.12, 2.8541435101610952
0.121, 2.85260835944528
0.122, 2.8510612163920483
0.123, 2.849502099125267
0.124, 2.8479310259013793
0.125, 2.846348015109014
0.126, 2.8447530852685863
0.127, 2.8431462550319013
0.128, 2.8415275431817513
0.129, 2.839896968631511
0.13, 2.8382545504247325
0.131, 2.8366003077347344
0.132, 2.8349342598641902
0.133, 2.833256426244715
0.134, 2.831566826436447
0.135, 2.829865480127628
0.136, 2.828152407134184
0.137, 2.8264276273992963
0.138, 2.8246911609929786
0.139, 2.8229430281116445
0.14, 2.8211832490776785
0.14100000000000001, 2.8194118443389984
0.14200000000000002, 2.8176288344686213
0.14300000000000002, 2.8158342401642233
0.14400000000000002, 2.814028082247697
0.145, 2.8122103816647095
0.146, 2.8103811594842547
0.147, 2.8085404368982045
0.148, 2.806688235220859
0.149, 2.8048245758884924
0.15, 2.8029494804588966
0.151, 2.8010629706109245
0.152, 2.7991650681440294
0.153, 2.7972557949778025
0.154, 2.795335173151508
0.155, 2.7934032248236162
0.156, 2.791459972271335
0.157, 2.7895054378901376
0.158, 2.7875396441932887
0.159, 2.7855626138113703
0.16, 2.7835743694918023
0.161, 2.781574934098363
0.162, 2.779564330610708
0.163, 2.7775425821238833
0.164, 2.775509711847842
0.165, 2.773465743106954
0.166, 2.771410699339516
0.167, 2.7693446040972587
0.168, 2.767267481044853
0.169, 2.7651793539594127
0.17, 2.763080246729996
0.171, 2.760970183357105
0.17200000000000001, 2.7588491879521837
0.17300000000000001, 2.756717284737113
0.17400000000000002, 2.754574498043704
0.17500000000000002, 2.75242085231319
0.176, 2.750256372095717
0.177, 2.748081082049831
0.178, 2.7458950069419625
0.179, 2.7436981716459137
0.18, 2.7414906011423383
0.181, 2.7392723205182237
0.182, 2.737043354966368
0.183, 2.734803729784859
0.184, 2.7325534703765473
0.185, 2.7302926022485208
0.186, 2.7280211510115766
0.187, 2.7257391423796906
0.188, 2.723446602169485
0.189, 2.721143556299696
0.19, 2.718830030790639
0.191, 2.7165060517636697
0.192, 2.7141716454406475
0.193, 2.7118268381433954
0.194, 2.709471656293158
0.195, 2.707106126410057
0.196, 2.7047302751125506
0.197, 2.7023441291168813
0.198, 2.699947715236533
0.199, 2.6975410603816785
0.2, 2.6951241915586306
0.201, 2.6926971358692886
0.202, 2.6902599205105853
0.203, 2.68781257277393
0.20400000000000001, 2.6853551200446546
0.20500000000000002, 2.6828875898014526
0.20600000000000002, 2.680410009615822
0.20700000000000002, 2.6779224071515024
0.20800000000000002, 2.675424810163914
0.209, 2.6729172464995945
0.21, 2.670399744095632
0.211, 2.6678723309791006
0.212, 2.665335035266493
0.213, 2.6627878851631506
0.214, 2.6602309089626934
0.215, 2.65766413504645
0.216, 2.6550875918828845
0.217, 2.6525013080270217
0.218, 2.6499053121198735
0.219, 2.647299632887863
0.22, 2.644684299142245
0.221, 2.6420593397785312
0.222, 2.639424783775908
0.223, 2.636780660196657
0.224, 2.6341269981855717
0.225, 2.631463826969378
0.226, 2.628791175856147
0.227, 2.6261090742347126
0.228, 2.6234175515740845
0.229, 2.620716637422862
0.23, 2.6180063614086455
0.231, 2.615286753237448
0.232, 2.612557842693106
0.233, 2.6098196596366883
0.234, 2.6070722340059036
0.23500000000000001, 2.6043155958145108
0.23600000000000002, 2.6015497751517227
0.23700000000000002, 2.5987748021816133
0.23800000000000002, 2.5959907071425232
0.23900000000000002, 2.5931975203464632
0.24, 2.590395272178517
0.241, 2.5875839930962456
0.242, 2.5847637136290875
0.243, 2.5819344643777606
0.244, 2.579096276013663
0.245, 2.576249179278271
0.246, 2.573393204982541
0.247, 2.570528384006304
0.248, 2.567654747297666
0.249, 2.5647723258724047
0.25, 2.561881150813365
0.251, 2.5589812532698546
0.252, 2.556072664457041
0.253, 2.5531554156553433
0.254, 2.550229538209829
0.255, 2.547295063529606
0.256, 2.5443520230872156
0.257, 2.541400448418025
0.258, 2.5384403711196195
0.259, 2.535471822851195
0.26, 2.5324948353329475
0.261, 2.529509440345464
0.262, 2.5265156697291142
0.263, 2.5235135553834387
0.264, 2.5205031292665385
0.265, 2.5174844233944658
0.266, 2.5144574698406106
0.267, 2.51142230073509
0.268, 2.508378948264138
0.269, 2.5053274446694895
0.27, 2.502267822247772
0.271, 2.4992001133498896
0.272, 2.4961243503804122
0.273, 2.493040565796961
0.274, 2.4899487921095957
0.275, 2.4868490618802013
0.276, 2.483741407721873
0.277, 2.4806258622983037
0.278, 2.477502458323169
0.279, 2.474371228559514
0.28, 2.4712322058191383
0.281, 2.4680854229619813
0.28200000000000003, 2.464930912895508
0.28300000000000003, 2.4617687085740956
0.28400000000000003, 2.458598842998417
0.28500000000000003, 2.4554213492148285
0.28600000000000003, 2.4522362603147525
0.28700000000000003, 2.4490436094340655
0.28800000000000003, 2.4458434297524825
0.289, 2.442635754492942
0.29, 2.439420616920993
0.291, 2.436198050344179
0.292, 2.4329680881114246
0.293, 2.429730763612422
0.294, 2.426486110277015
0.295, 2.4232341615745883
0.296, 2.4199749510134505
0.297, 2.416708512140222
0.298, 2.413434878539223
0.299, 2.4101540838318574
0.3, 2.406866161676003
0.301, 2.403571145765397
0.302, 2.400269069829023
0.303, 2.396959967630502
0.304, 2.393643872967476
0.305, 2.3903208196710013
0.306, 2.3869908416049337
0.307, 2.383653972665319
0.308, 2.3803102467797834
0.309, 2.376959697906921
0.31, 2.373602360035686
0.311, 2.3702382671847833
0.312, 2.366867453402058
0.313, 2.3634899527638895
0.314, 2.36010579937458
0.315, 2.356715027365751
0.316, 2.353317670895732
0.317, 2.3499137641489574
0.318, 2.3465033413353584
0.319, 2.343086436689758
0.32, 2.3396630844712663
0.321, 2.336233318962675
0.322, 2.3327971744698544
0.323, 2.3293546853211504
0.324, 2.3259058858667814
0.325, 2.322450810478235
0.326, 2.3189894935476683
0.327, 2.3155219694873064
0.328, 2.3120482727288425
0.329, 2.3085684377228377
0.33, 2.305082498938123
0.331, 2.3015904908612006
0.332, 2.2980924479956473
0.333, 2.294588404861517
0.334, 2.2910783959947456
0.335, 2.287562455946556
0.336, 2.2840406192828624
0.337, 2.280512920583678
0.338, 2.276979394442523
0.339, 2.27344007546583
0.34, 2.2698949982723557
0.341, 2.2663441974925895
0.342, 2.2627877077681644
0.343, 2.2592255637512677
0.34400000000000003, 2.2556578001040544
0.34500000000000003, 2.2520844514980602
0.34600000000000003, 2.248505552613616
0.34700000000000003, 2.2449211381392624
0.34800000000000003, 2.241331242771167
0.34900000000000003, 2.237735901212539
0.35000000000000003, 2.234135148173051
0.35100000000000003, 2.2305290183682547
0.352, 2.2269175465190028
0.353, 2.2233007673508687
0.354, 2.21967871559357
0.355, 2.216051425980392
0.356, 2.2124189332476085
0.357, 2.2087812721339115
0.358, 2.205138477379834
0.359, 2.20149058372718
0.36, 2.197837625918451
0.361, 2.1941796386962773
0.362, 2.190516656802847
0.363, 2.186848714979339
0.364, 2.183175847965357
0.365, 2.1794980904983614
0.366, 2.175815477313107
0.367, 2.1721280431410777
0.368, 2.1684358227099256
0.369, 2.1647388507429097
0.37, 2.1610371619583364
0.371, 2.157330791069
0.372, 2.1536197727816266
0.373, 2.1499041417963176
0.374, 2.1461839328059953
0.375, 2.1424591804958486
0.376, 2.1387299195427825
0.377, 2.1349961846148653
0.378, 2.131258010370781
0.379, 2.12751543145928
0.38, 2.123768482518633
0.381, 2.1200171981760847
0.382, 2.1162616130473104
0.383, 2.1125017617358735
0.384, 2.1087376788326835
0.385, 2.1049693989154568
0.386, 2.101196956548178
0.387, 2.0974203862805623
0.388, 2.0936397226475205
0.389, 2.089855000168625
0.39, 2.086066253347577
0.391, 2.082273516671674
0.392, 2.078476824611282
0.393, 2.0746762116193063
0.394, 2.070871712130664
0.395, 2.06706336056176
0.396, 2.0632511913099623
0.397, 2.0594352387530805
0.398, 2.055615537248845
0.399, 2.051792121134387
0.4, 2.0479650247257215
0.401, 2.0441342823172324
0.402, 2.0402999281811565
0.403, 2.0364619965670703
0.404, 2.032620521701381
0.405, 2.0287755377868146
0.406, 2.024927079001909
0.40700000000000003, 2.0210751795005075
0.40800000000000003, 2.017219873411254
0.40900000000000003, 2.0133611948370893
0.41000000000000003, 2.009499177854751
0.41100000000000003, 2.0056338565142715
0.41200000000000003, 2.001765264838483
0.41300000000000003, 1.9978934368225174
0.41400000000000003, 1.9940184064333144
0.41500000000000004, 1.9901402076091272
0.41600000000000004, 1.9862588742590315
0.417, 1.982374440262435
0.418, 1.978486939468591
0.419, 1.9745964056961112
0.42, 1.9707028727324807
0.421, 1.9668063743335764
0.422, 1.9629069442231861
0.423, 1.959004616092528
0.424, 1.9550994235997747
0.425, 1.9511914003695767
0.426, 1.947280579992589
0.427, 1.9433669960249984
0.428, 1.939450681988054
0.429, 1.9355316713675983
0.43, 1.9316099976136007
0.431, 1.9276856941396927
0.432, 1.9237587943227048
0.433, 1.9198293315022055
0.434, 1.9158973389800416
0.435, 1.9119628500198815
0.436, 1.908025897846759
0.437, 1.9040865156466198
0.438, 1.9001447365658695
0.439, 1.8962005937109236
0.44, 1.89225412014776
0.441, 1.888305348901472
0.442, 1.8843543129558245
0.443, 1.8804010452528113
0.444, 1.876445578692215
0.445, 1.872487946131168
0.446, 1.8685281803837166
0.447, 1.864566314220385
0.448, 1.8606023803677438
0.449, 1.856636411507979
0.45, 1.852668440278462
0.451, 1.848698499271324
0.452, 1.8447266210330304
0.453, 1.840752838063958
0.454, 1.8367771828179735
0.455, 1.8327996877020152
0.456, 1.8288203850756752
0.457, 1.824839307250785
0.458, 1.8208564864910013
0.459, 1.8168719550113963
0.46, 1.8128857449780476
0.461, 1.8088978885076312
0.462, 1.8049084176670167
0.463, 1.8009173644728642
0.464, 1.7969247608912229
0.465, 1.7929306388371322
0.466, 1.788935030174225
0.467, 1.7849379667143326
0.468, 1.7809394802170913
0.46900000000000003, 1.7769396023895516
0.47000000000000003, 1.7729383648857904
0.47100000000000003, 1.7689357993065224
0.47200000000000003, 1.764931937198717
0.47300000000000003, 1.7609268100552147
0.47400000000000003, 1.7569204493143464
0.47500000000000003, 1.7529128863595553
0.47600000000000003, 1.7489041525190203
0.47700000000000004, 1.744894279065281
0.47800000000000004, 1.7408832972148662
0.47900000000000004, 1.7368712381279232
0.48, 1.7328581329078492
0.481, 1.7288440126009257
0.482, 1.7248289081959547
0.483, 1.7208128506238958
0.484, 1.7167958707575075
0.485, 1.7127779994109884
0.486, 1.7087592673396226
0.487, 1.704739705239425
0.488, 1.7007193437467911
0.489, 1.6966982134381465
0.49, 1.6926763448296007
0.491, 1.688653768376601
0.492, 1.68463051447359
0.493, 1.6806066134536655
0.494, 1.6765820955882398
0.495, 1.672556991086705
0.496, 1.668531330096098
0.497, 1.6645051427007669
0.498, 1.660478458922042
0.499, 1.6564513087179076
0.5, 1.6524237219826756
0.501, 1.6483957285466617
0.502, 1.6443673581758635
0.503, 1.6403386405716416
0.504, 1.6363096053704012
0.505, 1.6322802821432774
0.506, 1.6282507003958218
0.507, 1.6242208895676915
0.508, 1.6201908790323405
0.509, 1.616160698096712
0.51, 1.6121303760009351
0.511, 1.6080999419180213
0.512, 1.6040694249535645
0.513, 1.600038854145443
0.514, 1.596008258463523
0.515, 1.5919776668093653
0.516, 1.587947108015933
0.517, 1.583916610847303
0.518, 1.579886203998377
0.519, 1.5758559160945969
0.52, 1.5718257756916623
0.521, 1.5677958112752484
0.522, 1.563766051260728
0.523, 1.5597365239928949
0.524, 1.555707257745688
0.525, 1.5516782807219207
0.526, 1.5476496210530095
0.527, 1.5436213067987063
0.528, 1.5395933659468324
0.529, 1.5355658264130145
0.53, 1.5315387160404237
0.531, 1.527512062599515
0.532, 1.5234858937877713
0.533, 1.5194602372294463
0.534, 1.5154351204753134
0.535, 1.5114105710024135
0.536, 1.5073866162138065
0.537, 1.5033632834383253
0.538, 1.4993405999303302
0.539, 1.4953185928694674
0.54, 1.4912972893604288
0.541, 1.487276716432713
0.542, 1.4832569010403904
0.543, 1.4792378700618694
0.544, 1.4752196502996633
0.545, 1.4712022684801627
0.546, 1.4671857512534068
0.547, 1.4631701251928584
0.548, 1.459155416795181
0.549, 1.4551416524800176
0.55, 1.451128858589772
0.551, 1.4471170613893911
0.552, 1.443106287066152
0.553, 1.4390965617294476
0.554, 1.435087911410577
0.555, 1.4310803620625379
0.556, 1.4270739395598186
0.557, 1.423068669698196
0.558, 1.4190645781945317
0.559, 1.4150616906865734
0.56, 1.4110600327327565
0.561, 1.4070596298120088
0.562, 1.4030605073235565
0.5630000000000001, 1.399062690586733
0.5640000000000001, 1.3950662048407894
0.5650000000000001, 1.391071075244707
0.5660000000000001, 1.3870773268770127
0.5670000000000001, 1.3830849847355946
0.5680000000000001, 1.3790940737375224
0.5690000000000001, 1.3751046187188674
0.5700000000000001, 1.3711166444345257
0.5710000000000001, 1.367130175558044
0.5720000000000001, 1.363145236681446
0.5730000000000001, 1.3591618523150624
0.5740000000000001, 1.3551800468873612
0.5750000000000001, 1.351199844744782
0.5760000000000001, 1.3472212701515713
0.577, 1.34324434728962
0.578, 1.3392691002583026
0.579, 1.3352955530743191
0.58, 1.3313237296715383
0.581, 1.327353653900844
0.582, 1.323385349529982
0.583, 1.3194188402434108
0.584, 1.315454149642152
0.585, 1.3114913012436449
0.586, 1.3075303184816027
0.587, 1.3035712247058693
0.588, 1.2996140431822796
0.589, 1.295658797092521
0.59, 1.291705509533998
0.591, 1.287754203519697
0.592, 1.2838049019780542
0.593, 1.2798576277528264
0.594, 1.2759124036029614
0.595, 1.2719692522024728
0.596, 1.2680281961403148
0.597, 1.2640892579202605
0.598, 1.2601524599607814
0.599, 1.2562178245949287
0.6, 1.2522853740702171
0.601, 1.2483551305485103
0.602, 1.2444271161059086
0.603, 1.2405013527326376
0.604, 1.2365778623329402
0.605, 1.2326566667249694
0.606, 1.228737787640684
0.607, 1.224821246725745
0.608, 1.2209070655394154
0.609, 1.2169952655544598
0.61, 1.2130858681570489
0.611, 1.2091788946466626
0.612, 1.205274366235998
0.613, 1.2013723040508766
0.614, 1.197472729130156
0.615, 1.1935756624256406
0.616, 1.1896811248019974
0.617, 1.1857891370366704
0.618, 1.1818997198197996
0.619, 1.17801289375414
0.62, 1.1741286793549839
0.621, 1.1702470970500831
0.622, 1.1663681671795751
0.623, 1.1624919099959103
0.624, 1.1586183456637797
0.625, 1.154747494260047
0.626, 1.1508793757736802
0.627, 1.147014010105686
0.628, 1.1431514170690467
0.629, 1.1392916163886566
0.63, 1.1354346277012637
0.631, 1.1315804705554091
0.632, 1.1277291644113723
0.633, 1.1238807286411143
0.634, 1.120035182528226
0.635, 1.1161925452678758
0.636, 1.1123528359667603
0.637, 1.108516073643056
0.638, 1.1046822772263736
0.639, 1.1008514655577135
0.64, 1.0970236573894223
0.641, 1.0931988713851528
0.642, 1.089377126119824
0.643, 1.0855584400795835
0.644, 1.081742831661772
0.645, 1.077930319174889
0.646, 1.0741209208385598
0.647, 1.070314654783505
0.648, 1.0665115390515114
0.649, 1.0627115915954046
0.65, 1.0589148302790226
0.651, 1.0551212728771917
0.652, 1.051330937075705
0.653, 1.0475438404712996
0.654, 1.043760000571639
0.655, 1.0399794347952944
0.656, 1.0362021604717293
0.657, 1.0324281948412848
0.658, 1.0286575550551662
0.659, 1.0248902581754329
0.66, 1.0211263211749877
0.661, 1.017365760937569
0.662, 1.0136085942577449
0.663, 1.0098548378409073
0.664, 1.0061045083032694
0.665, 1.0023576221718629
0.666, 0.9986141958845386
0.667, 0.9948742457899673
0.668, 0.9911377881476423
0.669, 0.9874048391278842
0.67, 0.9836754148118463
0.671, 0.979949531191522
0.672, 0.9762272041697536
0.673, 0.9725084495602428
0.674, 0.9687932830875624
0.675, 0.9650817203871691
0.676, 0.9613737770054189
0.677, 0.9576694683995828
0.678, 0.9539688099378645
0.679, 0.9502718168994198
0.68, 0.9465785044743765
0.681, 0.942888887763857
0.682, 0.9392029817800011
0.683, 0.9355208014459909
0.684, 0.9318423615960774
0.685, 0.9281676769756073
0.686, 0.9244967622410526
0.687, 0.9208296319600404
0.6880000000000001, 0.917166300611385
0.6890000000000001, 0.913506782585121
0.6900000000000001, 0.909851092182537
0.6910000000000001, 0.9061992436162123
0.6920000000000001, 0.9025512510100534
0.6930000000000001, 0.8989071283993325
0.6940000000000001, 0.8952668897307273
0.6950000000000001, 0.8916305488623623
0.6960000000000001, 0.8879981195638506
0.6970000000000001, 0.884369615516338
0.6980000000000001, 0.8807450503125478
0.6990000000000001, 0.8771244374568271
0.7000000000000001, 0.8735077903651941
0.7010000000000001, 0.869895122365387
0.7020000000000001, 0.8662864466969139
0.7030000000000001, 0.8626817765111042
0.704, 0.859081124871161
0.705, 0.8554845047522146
0.706, 0.8518919290413779
0.707, 0.848303410537802
0.708, 0.844718961952734
0.709, 0.8411385959095752
0.71, 0.8375623249439409
0.711, 0.8339901615037215
0.712, 0.8304221179491442
0.713, 0.8268582065528366
0.714, 0.8232984394998906
0.715, 0.8197428288879282
0.716, 0.8161913867271681
0.717, 0.8126441249404934
0.718, 0.8091010553635206
0.719, 0.8055621897446692
0.72, 0.802027539745233
0.721, 0.7984971169394524
0.722, 0.7949709328145872
0.723, 0.7914489987709913
0.724, 0.7879313261221877
0.725, 0.7844179260949452
0.726, 0.7809088098293554
0.727, 0.7774039883789116
0.728, 0.7739034727105878
0.729, 0.7704072737049198
0.73, 0.7669154021560861
0.731, 0.7634278687719906
0.732, 0.7599446841743461
0.733, 0.7564658588987586
0.734, 0.7529914033948127
0.735, 0.7495213280261583
0.736, 0.7460556430705972
0.737, 0.742594358720172
0.738, 0.7391374850812547
0.739, 0.7356850321746371
0.74, 0.7322370099356217
0.741, 0.7287934282141134
0.742, 0.7253542967747124
0.743, 0.7219196252968078
0.744, 0.7184894233746718
0.745, 0.7150637005175557
0.746, 0.7116424661497854
0.747, 0.7082257296108586
0.748, 0.7048135001555429
0.749, 0.701405786953974
0.75, 0.6980025990917559
0.751, 0.6946039455700601
0.752, 0.6912098353057277
0.753, 0.6878202771313703
0.754, 0.6844352797954735
0.755, 0.6810548519624993
0.756, 0.6776790022129909
0.757, 0.6743077390436772
0.758, 0.6709410708675783
0.759, 0.6675790060141116
0.76, 0.6642215527291992
0.761, 0.6608687191753754
0.762, 0.6575205134318944
0.763, 0.6541769434948403
0.764, 0.6508380172772359
0.765, 0.6475037426091532
0.766, 0.6441741272378246
0.767, 0.6408491788277544
0.768, 0.6375289049608305
0.769, 0.6342133131364377
0.77, 0.6309024107715709
0.771, 0.6275962052009489
0.772, 0.6242947036771291
0.773, 0.6209979133706225
0.774, 0.6177058413700093
0.775, 0.6144184946820549
0.776, 0.6111358802318271
0.777, 0.6078580048628126
0.778, 0.6045848753370353
0.779, 0.6013164983351742
0.78, 0.598052880456682
0.781, 0.5947940282199045
0.782, 0.5915399480621997
0.783, 0.5882906463400585
0.784, 0.5850461293292246
0.785, 0.5818064032248158
0.786, 0.5785714741414449
0.787, 0.5753413481133418
0.788, 0.5721160310944751
0.789, 0.5688955289586748
0.79, 0.5656798474997552
0.791, 0.5624689924316377
0.792, 0.5592629693884748
0.793, 0.5560617839247731
0.794, 0.5528654415155184
0.795, 0.5496739475562991
0.796, 0.5464873073634313
0.797, 0.5433055261740842
0.798, 0.5401286091464045
0.799, 0.5369565613596422
0.8, 0.5337893878142763
0.801, 0.5306270934321407
0.802, 0.5274696830565498
0.803, 0.5243171614524258
0.804, 0.5211695333064239
0.805, 0.5180268032270599
0.806, 0.5148889757448362
0.807, 0.5117560553123691
0.808, 0.5086280463045159
0.809, 0.5055049530185013
0.81, 0.5023867796740454
0.811, 0.4992735304134906
0.812, 0.49616520930192853
0.8130000000000001, 0.49306182032732804
0.8140000000000001, 0.48996336740066215
0.8150000000000001, 0.4868698543560356
0.8160000000000001, 0.4837812849508121
0.8170000000000001, 0.4806976628657418
0.8180000000000001, 0.4776189917050886
0.8190000000000001, 0.47454527499675736
0.8200000000000001, 0.47147651619242115
0.8210000000000001, 0.4684127186676483
0.8220000000000001, 0.4653538857220294
0.8230000000000001, 0.4623000205793044
0.8240000000000001, 0.45925112638748916
0.8250000000000001, 0.45620720621900207
0.8260000000000001, 0.4531682630707905
0.8270000000000001, 0.45013429986445713
0.8280000000000001, 0.44710531944638593
0.8290000000000001, 0.4440813245878679
0.8300000000000001, 0.44106231798522694
0.8310000000000001, 0.4380483022599447
0.8320000000000001, 0.435039279958786
0.833, 0.4320352535539234
0.834, 0.4290362254430617
0.835, 0.4260421979495619
0.836, 0.423053173322565
0.837, 0.4200691537371153
0.838, 0.41709014129428346
0.839, 0.4141161380212889
0.84, 0.4111471458716219
0.841, 0.40818316672516525
0.842, 0.4052242023883154
0.843, 0.40227025459410304
0.844, 0.39932132500231327
0.845, 0.396377415199605
0.846, 0.3934385266996302
0.847, 0.39050466094315195
0.848, 0.3875758192981624
0.849, 0.3846520030599999
0.85, 0.3817332134514652
0.851, 0.37881945162293745
0.852, 0.3759107186524891
0.853, 0.3730070155460001
0.854, 0.3701083432372714
0.855, 0.36721470258813776
0.856, 0.3643260943885795
0.857, 0.36144251935683336
0.858, 0.35856397813950286
0.859, 0.3556904713116673
0.86, 0.35282199937699
0.861, 0.3499585627678255
0.862, 0.347100161845326
0.863, 0.3442467968995463
0.864, 0.3413984681495481
0.865, 0.33855517574350286
0.866, 0.33571691975879375
0.867, 0.3328837002021164
0.868, 0.33005551700957814
0.869, 0.3272323700467964
0.87, 0.3244142591089956
0.871, 0.32160118392110265
0.872, 0.31879314413784143
0.873, 0.31599013934382525
0.874, 0.3131921690536485
0.875, 0.3103992327119764
0.876, 0.3076113296936335
0.877, 0.3048284593036902
0.878, 0.3020506207775482
0.879, 0.2992778132810237
0.88, 0.29651003591042946
0.881, 0.29374728769265446
0.882, 0.2909895675852423
0.883, 0.2882368744764675
0.884, 0.28548920718540977
0.885, 0.2827465644620265
0.886, 0.2800089449872231
0.887, 0.2772763473729214
0.888, 0.2745487701621255
0.889, 0.271826211828986
0.89, 0.26910867077886147
0.891, 0.2663961453483778
0.892, 0.2636886338054851
0.893, 0.26098613434951196
0.894, 0.25828864511121763
0.895, 0.255596164152841
0.896, 0.2529086894681472
0.897, 0.2502262189824715
0.898, 0.24754875055276002
0.899, 0.24487628196760788
0.9, 0.24220881094729405
0.901, 0.23954633514381315
0.902, 0.23688885214090416
0.903, 0.2342363594540757
0.904, 0.23158885453062786
0.905, 0.22894633474967072
0.906, 0.22630879742213908
0.907, 0.22367623979080353
0.908, 0.22104865903027768
0.909, 0.21842605224702144
0.91, 0.2158084164793402
0.911, 0.21319574869737987
0.912, 0.21058804580311746
0.913, 0.2079853046303473
0.914, 0.2053875219446626
0.915, 0.20279469444343218
0.916, 0.2002068187557724
0.917, 0.1976238914425139
0.918, 0.19504590899616311
0.919, 0.19247286784085835
0.92, 0.1899047643323203
0.921, 0.18734159475779671
0.922, 0.18478335533600096
0.923, 0.1822300422170446
0.924, 0.1796816514823634
0.925, 0.1771381791446366
0.926, 0.17459962114769945
0.927, 0.1720659733664485
0.928, 0.1695372316067395
0.929, 0.16701339160527762
0.93, 0.16449444902949967
0.931, 0.16198039947744808
0.932, 0.15947123847763625
0.933, 0.15696696148890504
0.934, 0.1544675639002698
0.935, 0.151973041030758
0.936, 0.14948338812923656
0.937, 0.1469986003742289
0.9380000000000001, 0.14451867287372103
0.9390000000000001, 0.14204360066495625
0.9400000000000001, 0.13957337871421804
0.9410000000000001, 0.13710800191660064
0.9420000000000001, 0.1346474650957666
0.9430000000000001, 0.13219176300369104
0.9440000000000001, 0.12974089032039146
0.9450000000000001, 0.1272948416536433
0.9460000000000001, 0.12485361153867952
0.9470000000000001, 0.12241719443787442
0.9480000000000001, 0.11998558474041021
0.9490000000000001, 0.11755877676192586
0.9500000000000001, 0.11513676474414722
0.9510000000000001, 0.11271954285449742
0.9520000000000001, 0.11030710518568661
0.9530000000000001, 0.10789944575527977
0.9540000000000001, 0.10549655850524163
0.9550000000000001, 0.10309843730145717
0.9560000000000001, 0.1007050759332265
0.9570000000000001, 0.09831646811273259
0.9580000000000001, 0.09593260747448017
0.9590000000000001, 0.09355348757470411
0.96, 0.09117910189074546
0.961, 0.08880944382039294
0.962, 0.08644450668118772
0.963, 0.08408428370968918
0.964, 0.08172876806069863
0.965, 0.07937795280643853
0.966, 0.07703183093568355
0.967, 0.07469039535284025
0.968, 0.07235363887697126
0.969, 0.07002155424075979
0.97, 0.06769413408940952
0.971, 0.06537137097947465
0.972, 0.0630532573776139
0.973, 0.06073978565926201
0.974, 0.05843094810721098
0.975, 0.056126736910092505
0.976, 0.05382714416075194
0.977, 0.05153216185450265
0.978, 0.04924178188724804
0.979, 0.04695599605345653
0.98, 0.04467479604397258
0.981, 0.042398173443643675
0.982, 0.04012611972874014
0.983, 0.03785862626413992
0.984, 0.03559568430024532
0.985, 0.03333728496959182
0.986, 0.03108341928310034
0.987, 0.028834078125912984
0.988, 0.026589252252737436
0.989, 0.024348932282605006
0.99, 0.02211310869291981
0.991, 0.0198817718126379
0.992, 0.017654911814359082
0.993, 0.015432518705030695
0.994, 0.013214582314832373
0.995, 0.011001092283598354
0.996, 0.008792038043763977
0.997, 0.006587408798124963
0.998, 0.004387193489223348
0.999, 0.002191380753491801
1.0, -4.115896267038732e-08
